0 0.3534932221063608 0.36837532580364896 0.3722627737226277 0.3918331885317115 0.37122002085505734 0.42137271937445697 0.3597497393117831 0.43874891398783666 0.3691345151199166 0.4413553431798436 0.4421272158498436 0.4396177237185056 0.6923879040667362 0.4439617723718505 0.694473409801877 0.4370112945264987 0.6996871741397289 0.4352736750651607 0.7017726798748697 0.420503909643788 0.7069864442127216 0.4152910512597741 0.7069864442127216 0.3987836663770634 0.7194994786235662 0.3935708079930495 0.7507820646506778 0.35881841876629017 0.7445255474452555 0.34404865334491747 0.7299270072992701 0.34404865334491747 0.6934306569343066 0.35447437011294525 0.680917622523462 0.3518679409209383 0.6694473409801878 0.3614248479582971 0.6590198123044838 0.3579496090356212 0.607924921793535 0.37011294526498695 0.5693430656934306 0.37445699391833187 0.5286757038581856 0.37445699391833187 0.4848800834202294 0.365768896611642 0.4181438998957247 0.3414422241529105 0.3555787278415016 0.32406602953953084 0.3305526590198123 0.3205907906168549 0.32638164754953075 0.3249348392701998 0.32742440041710114 0.3570807993049522 0.3534932221063608 0.36837532580364896
5 0.14911366006256518 0.5125977410947002 0.2846715328467153 0.5117289313640313 0.4744525547445256 0.5178105994787141 0.6840458811261731 0.5299739357080799 0.7028154327424401 0.524761077324066 0.7309697601668405 0.4569939183318853 0.6913451511991658 0.44743701129452645 0.6204379562043796 0.44309296264118153 0.3920750782064651 0.4413553431798436 0.21584984358706988 0.44830582102519545 0.1543274244004171 0.45873153779322323 0.132429614181439 0.46915725456125107 0.132429614181439 0.49782797567332754 0.14911366006256518 0.5125977410947002
6 0.10844629822732013 0.5082536924413553 0.1386861313868613 0.5838401390095569 0.14911366006256518 0.5916594265855777 0.16788321167883213 0.5907906168549087 0.17205422314911367 0.6003475238922675 0.1762252346193952 0.6481320590790617 0.18143899895724713 0.6472632493483926 0.1845672575599583 0.5988992180712424 0.19603753910323254 0.5916594265855777 0.3409801876955162 0.6020851433536055 0.35140771637122004 0.6055603822762815 0.3743482794577685 0.6038227628149435 0.6402502606882169 0.6220677671589921 0.6704900938477582 0.6264118158123371 0.6757038581856101 0.6394439617723718 0.6788321167883212 0.6959165942658557 0.6819603753910324 0.7011294526498696 0.6861313868613139 0.7011294526498696 0.6903023983315955 0.6933101650738488 0.6934306569343066 0.6298870547350129 0.7841501564129302 0.6194613379669852 0.794577685088634 0.6281494352736751 0.7966631908237748 0.6472632493483926 0.799791449426486 0.6490008688097306 0.8050052137643379 0.6463944396177237 0.8039624608967675 0.6333622936576889 0.8143899895724713 0.6142484795829712 0.8613138686131387 0.5951346655082537 0.8894681960375391 0.522154648132059 0.9030239833159541 0.4665508253692441 0.9155370177267987 0.38401390095569066 0.9186652763295099 0.32319721980886185 0.9144942648592284 0.3032145960034752 0.8873826903023984 0.2980017376194613 0.8342022940563086 0.315377932232841 0.7507820646506778 0.3310165073848827 0.6329509906152242 0.36490008688097303 0.59436913451512 0.3727193744569939 0.543274244004171 0.37532580364900087 0.5015641293013556 0.37011294526498695 0.42022940563086547 0.3423110338835795 0.35140771637122004 0.32319721980886185 0.28258602711157454 0.313640312771503 0.21063607924921793 0.31277150304083406 0.16475495307612095 0.3197219808861859 0.13764337851929093 0.3292788879235447 0.1032325338894682 0.3509991311902693 0.08550573514077164 0.3761946133796698 0.08133472367049009 0.4109470026064292 0.10844629822732013 0.5082536924413553
1 0.15954118873826903 0.5629887054735012 0.16266944734098018 0.576889661164205 0.15745568300312826 0.5881841876629018 0.1616266944734098 0.5890529973935708 0.6590198123044838 0.6246741963509991 0.6788321167883212 0.6229365768896611 0.6861313868613139 0.5699391833188532 0.7017726798748697 0.5395308427454387 0.6976016684045881 0.5317115551694178 0.6558915537017727 0.5282363162467419 0.32742440041710114 0.5134665508253692 0.1710114702815433 0.5125977410947002 0.15641293013555788 0.5143353605560382 0.14494264859228365 0.522154648132059 0.14494264859228365 0.5351867940920938 0.15954118873826903 0.5629887054735012
2 0.6850886339937435 0.35360556038227625 0.7090719499478624 0.3735881841876629 0.7163712200208551 0.3735881841876629 0.7309697601668405 0.35534317984361424 0.7309697601668405 0.3501303214596003 0.7455683003128258 0.3457862728062554 0.7559958289885297 0.33362293657688963 0.7664233576642336 0.3318853171155517 0.772679874869656 0.33275412684622063 0.8070907194994786 0.3579496090356212 0.7841501564129302 0.3831450912250217 0.7340980187695516 0.4561251086012163 0.7340980187695516 0.46307558644656815 0.7122002085505735 0.5039096437880104 0.694473409801877 0.5673327541268461 0.6840458811261731 0.5803649000868809 0.6798748696558916 0.6099044309296264 0.6694473409801878 0.6229365768896611 0.6965589155370178 0.6298870547350129 0.7737226277372263 0.6211989574283232 0.8070907194994786 0.6159860990443092 0.8561001042752868 0.5986099044309295 0.8696558915537018 0.578627280625543 0.8790406673618353 0.5525629887054735 0.8936392075078207 0.5065160729800173 0.908237747653806 0.4396177237185056 0.9176225234619395 0.3518679409209383 0.9144942648592284 0.3040834057341442 0.899895724713243 0.2988705473501303 0.881126173096976 0.2997393570807993 0.854014598540146 0.31190269331016507 0.7539103232533889 0.3310165073848827 0.6715328467153285 0.35621198957428324 0.6746611053180397 0.3579496090356212 0.6850886339937435 0.35360556038227625
4 0.08446298227320126 0.4265855777584709 0.10531803962460896 0.4986967854039965 0.13660062565172054 0.58123370981755 0.14389989572471323 0.5899218071242398 0.15745568300312826 0.5916594265855777 0.16266944734098018 0.5881841876629018 0.1616266944734098 0.5803649000868809 0.14389989572471323 0.5351867940920938 0.3159541188738269 0.35447437011294525 0.32116788321167883 0.35534317984361424 0.32533889468196037 0.3205907906168549 0.26903023983315955 0.31277150304083406 0.20855057351407716 0.31277150304083406 0.16371220020855057 0.3197219808861859 0.14077163712200208 0.32754126846220677 0.1105318039624609 0.3449174630755864 0.09176225234619395 0.3622936576889661 0.08446298227320126 0.3770634231103388 0.08133472367049009 0.39009556907037357 0.08446298227320126 0.4265855777584709
3 0.3524504692387904 0.6159860990443092 0.3534932221063608 0.6055603822762815 0.3482794577685089 0.6038227628149435 0.3472367049009385 0.6159860990443092 0.3524504692387904 0.6159860990443092
3 0.7966631908237748 0.6481320590790617 0.8029197080291971 0.6498696785403996 0.8039624608967675 0.6185925282363162 0.7956204379562044 0.6185925282363162 0.7956204379562044 0.6437880104257168 0.7966631908237748 0.6481320590790617
3 0.18143899895724713 0.6516072980017376 0.18665276329509906 0.5951346655082537 0.18143899895724713 0.5916594265855777 0.1710114702815433 0.5916594265855777 0.17413972888425444 0.6481320590790617 0.18143899895724713 0.6516072980017376
3 0.6882168925964547 0.7011294526498696 0.6913451511991658 0.63249348392702 0.6736183524504693 0.627280625543006 0.6788321167883212 0.6985230234578627 0.6882168925964547 0.7011294526498696
