2 0.5849843587069865 0.5881841876629018 0.6308654848800834 0.5803649000868809 0.6454640250260688 0.5847089487402258 0.7059436913451512 0.579496090356212 0.8112617309697602 0.5543006081668115 0.8613138686131387 0.5360556038227627 0.8769551616266945 0.522154648132059 0.886339937434828 0.5056472632493484 0.9144942648592284 0.41181581233709813 0.913451511991658 0.3892267593397046 0.881126173096976 0.3475238922675934 0.8581856100104276 0.33709817549956556 0.8164754953076121 0.33275412684622063 0.799791449426486 0.33796698523023455 0.7831074035453598 0.34839270199826233 0.7643378519290929 0.37098175499565594 0.7330552659019812 0.44917463075586445 0.7132429614181439 0.48566463944396177 0.6923879040667362 0.5143353605560382 0.6016684045881127 0.5569070373588184 0.5985401459854015 0.5551694178974804 0.5985401459854015 0.5612510860121633 0.5881126173096977 0.5638575152041703 0.5735140771637122 0.577758470894874 0.5724713242961418 0.58123370981755 0.5849843587069865 0.5881841876629018
4 0.08759124087591241 0.48045178105994785 0.09801876955161627 0.4986967854039965 0.1261730969760167 0.525629887054735 0.12930135557872785 0.523892267593397 0.12304483837330553 0.5186794092093832 0.12408759124087591 0.5013032145960035 0.11157455683003129 0.49782797567332754 0.10948905109489052 0.49087749782797563 0.09906152241918666 0.4839270199826238 0.09489051094890512 0.470894874022589 0.09697601668404589 0.4596003475238922 0.11991657977059438 0.4456993918331885 0.191866527632951 0.43440486533449174 0.34306569343065696 0.4283231972198088 0.3295099061522419 0.41876629018245004 0.33263816475495306 0.3927019982623805 0.33785192909280504 0.39009556907037357 0.3086548488008342 0.38662033014769764 0.27424400417101147 0.3735881841876629 0.25443169968717416 0.37098175499565594 0.16371220020855057 0.37098175499565594 0.11678832116788321 0.3761946133796698 0.09489051094890512 0.39009556907037357 0.08342022940563087 0.41615986099044305 0.08237747653806048 0.45438748913987836 0.08759124087591241 0.48045178105994785
5 0.10844629822732013 0.4882710686359687 0.11261730969760167 0.4986967854039965 0.14077163712200208 0.5125977410947002 0.15015641293013557 0.5099913119026933 0.24713242961418144 0.524761077324066 0.5828988529718457 0.5403996524761077 0.6392075078206465 0.5377932232841007 0.6642335766423357 0.5325803649000869 0.6736183524504693 0.527367506516073 0.6986444212721585 0.5047784535186793 0.7309697601668405 0.4456993918331885 0.7236704900938478 0.4396177237185056 0.64859228362878 0.43440486533449174 0.22940563086548488 0.43353605560382275 0.1616266944734098 0.4361424847958297 0.10531803962460896 0.45004344048653344 0.09801876955161627 0.45873153779322323 0.09801876955161627 0.4830582102519548 0.10844629822732013 0.4882710686359687
6 0.08550573514077164 0.47437011294526493 0.09906152241918666 0.5013032145960035 0.12930135557872785 0.5291051259774109 0.17831074035453598 0.5516941789748044 0.15015641293013557 0.6689834926151172 0.16266944734098018 0.6698523023457862 0.16788321167883213 0.6646394439617723 0.19708029197080293 0.5803649000868809 0.21063607924921793 0.5560382276281494 0.3733055265901981 0.573414422241529 0.3847758081334724 0.578627280625543 0.38894681960375393 0.6238053866203301 0.3931178310740355 0.6264118158123371 0.40145985401459855 0.6229365768896611 0.40145985401459855 0.5829713292788878 0.4045881126173097 0.576889661164205 0.5683003128258602 0.5899218071242398 0.6725755995828989 0.5864465682015638 0.6777893639207508 0.5951346655082537 0.7278415015641293 0.7767158992180712 0.7340980187695516 0.7845351867940921 0.7497393117831074 0.7845351867940921 0.7539103232533889 0.7810599478714161 0.7528675703858185 0.7671589921807124 0.7163712200208551 0.5847089487402258 0.7194994786235662 0.577758470894874 0.7267987486965589 0.575152041702867 0.7904066736183525 0.5603822762814943 0.7987486965589156 0.5621198957428323 0.8508863399374349 0.682015638575152 0.8561001042752868 0.6889661164205039 0.8706986444212722 0.6880973066898349 0.8289885297184567 0.5551694178974804 0.8425443169968717 0.5447437011294526 0.8623566214807091 0.5360556038227627 0.8821689259645464 0.5152041702867072 0.9124087591240876 0.42311033883579496 0.9176225234619395 0.32841007819287577 0.9155370177267987 0.2363162467419635 0.9071949947862357 0.22154648132059077 0.899895724713243 0.21720243266724587 0.8581856100104276 0.21372719374456992 0.6058394160583942 0.23979148566463943 0.4483837330552659 0.26064291920069504 0.4233576642335767 0.2693310165073849 0.4129301355578728 0.2780191138140747 0.38060479666319086 0.33796698523023455 0.3524504692387904 0.37445699391833187 0.3208206465067779 0.38748913987836664 0.30761209593326383 0.38748913987836664 0.2711157455683003 0.3735881841876629 0.2523461939520334 0.37098175499565594 0.12930135557872785 0.3735881841876629 0.11157455683003129 0.3788010425716768 0.09384775808133472 0.3918331885317115 0.08654848800834203 0.40573414422241527 0.08237747653806048 0.42745438748913983 0.08133472367049009 0.4526498696785404 0.08550573514077164 0.47437011294526493
0 0.3607924921793535 0.3927019982623805 0.35766423357664234 0.3970460469157254 0.3618352450469239 0.40573414422241527 0.3618352450469239 0.4135534317984361 0.3524504692387904 0.41789748045178104 0.35662148070907196 0.4265855777584709 0.3660062565172054 0.4300608166811468 0.629822732012513 0.43179843614248475 0.7330552659019812 0.43874891398783666 0.7445255474452555 0.4152910512597741 0.7549530761209593 0.3796698523023458 0.7653806047966633 0.3622936576889661 0.7778936392075079 0.34839270199826233 0.7893639207507821 0.3423110338835795 0.7935349322210636 0.33362293657688963 0.8185610010427529 0.3292788879235447 0.8529718456725757 0.33275412684622063 0.8738269030239834 0.33883579496090355 0.8821689259645464 0.3466550825369244 0.8936392075078207 0.34839270199826233 0.9019812304483837 0.3423110338835795 0.9019812304483837 0.3266724587315378 0.9092805005213764 0.3205907906168549 0.8978102189781022 0.3101650738488271 0.9019812304483837 0.3006081668114683 0.8988529718456726 0.2953953084274544 0.9030239833159541 0.23718505647263247 0.908237747653806 0.23457862728062553 0.908237747653806 0.2302345786272806 0.899895724713243 0.2198088618592528 0.8905109489051095 0.21633362293657687 0.835245046923879 0.21633362293657687 0.5964546402502607 0.2415291051259774 0.4473409801876955 0.26151172893136404 0.43169968717413976 0.2658557775847089 0.4129301355578728 0.2788879235447437 0.35140771637122004 0.3831450912250217 0.35140771637122004 0.3892267593397046 0.3607924921793535 0.3927019982623805
3 0.40041710114702816 0.627280625543006 0.4035453597497393 0.578627280625543 0.38686131386861317 0.576020851433536 0.38790406673618355 0.6246741963509991 0.40041710114702816 0.627280625543006
3 0.15224191866527634 0.6707211120764552 0.16475495307612095 0.6698523023457862 0.20229405630865485 0.5708079930495221 0.205422314911366 0.5612510860121633 0.20229405630865485 0.5551694178974804 0.1845672575599583 0.5516941789748044 0.1772679874869656 0.5543006081668115 0.15328467153284672 0.6463944396177237 0.14911366006256518 0.6681146828844483 0.15224191866527634 0.6707211120764552
3 0.8519290928050053 0.68375325803649 0.8571428571428572 0.6898349261511728 0.8696558915537018 0.6898349261511728 0.8696558915537018 0.6768027801911382 0.8279457768508863 0.5525629887054735 0.8018769551616267 0.5603822762814943 0.8029197080291971 0.5708079930495221 0.8519290928050053 0.68375325803649
3 0.7267987486965589 0.7741094700260642 0.7361835245046924 0.785403996524761 0.748696558915537 0.785403996524761 0.7539103232533889 0.7801911381407471 0.7518248175182481 0.7610773240660295 0.7174139728884255 0.5847089487402258 0.7153284671532847 0.58123370981755 0.7069864442127216 0.58123370981755 0.6777893639207508 0.5864465682015638 0.6767466110531805 0.5994787141615986 0.7267987486965589 0.7741094700260642
1 0.11261730969760167 0.5125977410947002 0.1261730969760167 0.526498696785404 0.15015641293013557 0.5395308427454387 0.19603753910323254 0.5534317984361424 0.264859228362878 0.5629887054735012 0.37643378519290926 0.575152041702867 0.5672575599582899 0.5899218071242398 0.6329509906152242 0.5890529973935708 0.7236704900938478 0.576889661164205 0.7393117831074035 0.5708079930495221 0.7205422314911366 0.5716768027801911 0.6663190823774765 0.5351867940920938 0.6339937434827946 0.5412684622067767 0.5860271115745569 0.5430060816681147 0.3347236704900939 0.5308427454387489 0.1835245046923879 0.5178105994787141 0.12408759124087591 0.5030408340573415 0.11261730969760167 0.5091225021720243 0.11261730969760167 0.5125977410947002
