6 0.08654848800834203 0.4769765421372719 0.10114702815432743 0.5395308427454387 0.1178310740354536 0.5647263249348392 0.12304483837330553 0.5682015638575152 0.14702815432742442 0.5708079930495221 0.15119916579770595 0.576020851433536 0.1397288842544317 0.6602953953084274 0.14389989572471323 0.6698523023457862 0.15328467153284672 0.6681146828844483 0.16371220020855057 0.6229365768896611 0.16788321167883213 0.6194613379669852 0.18248175182481752 0.5690703735881841 0.32116788321167883 0.5716768027801911 0.33576642335766427 0.5942658557775847 0.3347236704900939 0.6194613379669852 0.3399374348279458 0.6403127715030408 0.3482794577685089 0.6403127715030408 0.34932221063607927 0.6368375325803649 0.34410844629822734 0.576889661164205 0.3597497393117831 0.5690703735881841 0.708029197080292 0.5742832319721981 0.7382690302398331 0.577758470894874 0.7497393117831074 0.6350999131190269 0.7549530761209593 0.6950477845351868 0.759124087591241 0.7011294526498696 0.772679874869656 0.7028670721112076 0.7758081334723671 0.7002606429192006 0.7716371220020856 0.5916594265855777 0.7747653806047967 0.577758470894874 0.799791449426486 0.5725456125108601 0.8154327424400417 0.573414422241529 0.821689259645464 0.5838401390095569 0.8383733055265902 0.6524761077324066 0.8446298227320125 0.6594265855777585 0.8561001042752868 0.6542137271937445 0.8435870698644421 0.578627280625543 0.8498435870698645 0.5655951346655083 0.8686131386861314 0.5603822762814943 0.8832116788321168 0.5499565595134666 0.9040667361835245 0.5099913119026933 0.913451511991658 0.4578627280625543 0.9176225234619395 0.39009556907037357 0.9061522419186653 0.34926151172893133 0.8759124087591241 0.315377932232841 0.8342022940563086 0.2997393570807993 0.7893639207507821 0.2953953084274544 0.5286757038581856 0.31277150304083406 0.38894681960375393 0.3266724587315378 0.3461939520333681 0.3414422241529105 0.3149113660062565 0.35968722849695917 0.2846715328467153 0.38488271068635965 0.2669447340980188 0.3918331885317115 0.11157455683003129 0.38662033014769764 0.09176225234619395 0.3918331885317115 0.08550573514077164 0.4048653344917463 0.08237747653806048 0.4352736750651607 0.08654848800834203 0.4769765421372719
5 0.14181438998957246 0.5004344048653344 0.15119916579770595 0.5117289313640313 0.15954118873826903 0.5143353605560382 0.4118873826903024 0.5117289313640313 0.4504692387904067 0.5073848827106864 0.7142857142857143 0.5117289313640313 0.7288842544316997 0.5108601216333623 0.7393117831074035 0.5065160729800173 0.7455683003128258 0.4986967854039965 0.7497393117831074 0.49087749782797563 0.7559958289885297 0.4396177237185056 0.7518248175182481 0.4352736750651607 0.7267987486965589 0.4291920069504778 0.6746611053180397 0.42745438748913983 0.3159541188738269 0.43353605560382275 0.20750782064650677 0.4456993918331885 0.16371220020855057 0.4465682015638575 0.14702815432742442 0.4517810599478714 0.13451511991657977 0.4604691572545612 0.132429614181439 0.46915725456125107 0.14181438998957246 0.5004344048653344
0 0.29197080291970806 0.4257167680278019 0.30031282586027114 0.43266724587315375 0.31386861313868614 0.43440486533449174 0.4942648592283629 0.4265855777584709 0.6183524504692388 0.4257167680278019 0.7247132429614181 0.42745438748913983 0.7549530761209593 0.43266724587315375 0.759124087591241 0.42224152910512597 0.7632950990615225 0.36924413553431795 0.7747653806047967 0.35273675065160726 0.7883211678832117 0.3475238922675934 0.8310740354535975 0.3457862728062554 0.8415015641293013 0.3509991311902693 0.8519290928050053 0.34839270199826233 0.8550573514077164 0.35273675065160726 0.886339937434828 0.35360556038227625 0.9040667361835245 0.3622936576889661 0.9061522419186653 0.3518679409209383 0.8790406673618353 0.31798436142484793 0.8654848800834203 0.3101650738488271 0.8279457768508863 0.2997393570807993 0.7799791449426486 0.29626411815812337 0.5557872784150156 0.3110338835794961 0.3910323253388947 0.3266724587315378 0.3472367049009385 0.3414422241529105 0.3169968717413973 0.35881841876629017 0.29822732012513037 0.3770634231103388 0.3013555787278415 0.3927019982623805 0.29197080291970806 0.4257167680278019
2 0.7507820646506778 0.49782797567332754 0.7372262773722628 0.5186794092093832 0.7372262773722628 0.5334491746307558 0.7309697601668405 0.5421372719374457 0.7236704900938478 0.5430060816681147 0.7236704900938478 0.5516941789748044 0.7122002085505735 0.5612510860121633 0.7184567257559958 0.5612510860121633 0.7247132429614181 0.5543006081668115 0.7340980187695516 0.5551694178974804 0.7361835245046924 0.5655951346655083 0.7476538060479666 0.5742832319721981 0.7778936392075079 0.577758470894874 0.799791449426486 0.5716768027801911 0.8383733055265902 0.5690703735881841 0.8623566214807091 0.5629887054735012 0.8800834202294057 0.5534317984361424 0.8936392075078207 0.5351867940920938 0.9113660062565172 0.48132059079061684 0.9176225234619395 0.3892267593397046 0.9040667361835245 0.3475238922675934 0.9030239833159541 0.3579496090356212 0.8988529718456726 0.35968722849695917 0.8373305526590198 0.3475238922675934 0.7977059436913452 0.3475238922675934 0.772679874869656 0.35534317984361424 0.7643378519290929 0.36924413553431795 0.7570385818561002 0.47871416159860986 0.7507820646506778 0.49782797567332754
4 0.0886339937434828 0.49609035621198955 0.10114702815432743 0.5421372719374457 0.11261730969760167 0.5603822762814943 0.12408759124087591 0.5682015638575152 0.14285714285714285 0.5682015638575152 0.14911366006256518 0.5647263249348392 0.15745568300312826 0.5673327541268461 0.1616266944734098 0.5603822762814943 0.15745568300312826 0.5560382276281494 0.16475495307612095 0.5508253692441355 0.16475495307612095 0.5430060816681147 0.15745568300312826 0.5421372719374457 0.15015641293013557 0.5360556038227627 0.15119916579770595 0.5152041702867072 0.1386861313868613 0.4995655951346655 0.1334723670490094 0.46568201563857514 0.14077163712200208 0.45438748913987836 0.16684045881126175 0.4465682015638575 0.29927007299270075 0.4352736750651607 0.3044838373305527 0.4257167680278019 0.3023983315954119 0.39096437880104257 0.2909280500521377 0.38748913987836664 0.251303441084463 0.3927019982623805 0.10114702815432743 0.38662033014769764 0.0886339937434828 0.39009556907037357 0.08133472367049009 0.40052128583840135 0.08133472367049009 0.4448305821025195 0.0886339937434828 0.49609035621198955
3 0.33576642335766427 0.6394439617723718 0.3461939520333681 0.6429192006950477 0.35140771637122004 0.6368375325803649 0.3482794577685089 0.5742832319721981 0.32742440041710114 0.5725456125108601 0.32533889468196037 0.577758470894874 0.33576642335766427 0.6394439617723718
3 0.8383733055265902 0.6524761077324066 0.8425443169968717 0.6594265855777585 0.8550573514077164 0.6594265855777585 0.8446298227320125 0.575152041702867 0.8425443169968717 0.5716768027801911 0.8206465067778936 0.5742832319721981 0.8206465067778936 0.5899218071242398 0.8383733055265902 0.6524761077324066
3 0.15119916579770595 0.6715899218071242 0.1543274244004171 0.6681146828844483 0.18039624608967675 0.5716768027801911 0.15224191866527634 0.5716768027801911 0.1480709071949948 0.58123370981755 0.13764337851929093 0.6715899218071242 0.15119916579770595 0.6715899218071242
3 0.7612095933263817 0.7037358818418766 0.7758081334723671 0.7037358818418766 0.7737226277372263 0.5821025195482189 0.7403545359749739 0.5803649000868809 0.7549530761209593 0.6993918331885317 0.7612095933263817 0.7037358818418766
1 0.1543274244004171 0.5499565595134666 0.14911366006256518 0.5595134665508253 0.14494264859228365 0.5595134665508253 0.15745568300312826 0.5690703735881841 0.7236704900938478 0.576889661164205 0.7643378519290929 0.5742832319721981 0.7643378519290929 0.5708079930495221 0.7507820646506778 0.5725456125108601 0.7445255474452555 0.5673327541268461 0.7288842544316997 0.5690703735881841 0.7205422314911366 0.5647263249348392 0.7205422314911366 0.5560382276281494 0.7153284671532847 0.5569070373588184 0.7069864442127216 0.5516941789748044 0.7028154327424401 0.5438748913987836 0.721584984358707 0.525629887054735 0.7288842544316997 0.525629887054735 0.7299270072992701 0.5299739357080799 0.7372262773722628 0.5186794092093832 0.7340980187695516 0.5178105994787141 0.5505735140771637 0.5125977410947002 0.46819603753910327 0.5152041702867072 0.4483837330552659 0.5117289313640313 0.4410844629822732 0.5160729800173761 0.18143899895724713 0.5178105994787141 0.16788321167883213 0.5195482189400521 0.15849843587069865 0.525629887054735 0.15954118873826903 0.5490877497827975 0.1543274244004171 0.5499565595134666
