6 0.09176225234619395 0.5473501303214595 0.09801876955161627 0.5673327541268461 0.10844629822732013 0.58123370981755 0.14494264859228365 0.5890529973935708 0.1480709071949948 0.5977410947002606 0.14285714285714285 0.6403127715030408 0.14389989572471323 0.6542137271937445 0.1480709071949948 0.6576889661164205 0.16475495307612095 0.6568201563857515 0.1710114702815433 0.6394439617723718 0.5641293013555787 0.6238053866203301 0.6704900938477582 0.63249348392702 0.6757038581856101 0.6333622936576889 0.6788321167883212 0.6394439617723718 0.7007299270072993 0.7298001737619461 0.708029197080292 0.73501303214596 0.7184567257559958 0.735881841876629 0.7320125130344108 0.732406602953953 0.7372262773722628 0.7271937445699391 0.7247132429614181 0.6724587315377932 0.8060479666319083 0.6576889661164205 0.8102189781021898 0.6715899218071242 0.8164754953076121 0.6768027801911382 0.8279457768508863 0.6776715899218071 0.8383733055265902 0.6698523023457862 0.8279457768508863 0.6142484795829712 0.8321167883211679 0.6038227628149435 0.854014598540146 0.5951346655082537 0.8623566214807091 0.578627280625543 0.9030239833159541 0.3953084274543875 0.9176225234619395 0.30147697654213723 0.908237747653806 0.28583840139009553 0.8936392075078207 0.27541268462206775 0.8529718456725757 0.26498696785403997 0.7914494264859229 0.263249348392702 0.6684045881126174 0.27019982623805383 0.5005213764337852 0.2849695916594266 0.42648592283628783 0.29626411815812337 0.3733055265901981 0.31190269331016507 0.28154327424400416 0.3509991311902693 0.1616266944734098 0.35273675065160726 0.10531803962460896 0.3501303214596003 0.09489051094890512 0.35360556038227625 0.08133472367049009 0.36924413553431795 0.08133472367049009 0.4248479582971329 0.09176225234619395 0.5473501303214595
0 0.31386861313868614 0.4074717636837532 0.28154327424400416 0.4265855777584709 0.410844629822732 0.4291920069504778 0.6757038581856101 0.4265855777584709 0.6798748696558916 0.41702867072111205 0.6861313868613139 0.35621198957428324 0.694473409801877 0.3310165073848827 0.7069864442127216 0.3205907906168549 0.7194994786235662 0.31624674196351 0.8258602711157456 0.31798436142484793 0.8175182481751825 0.30755864465682015 0.8310740354535975 0.30147697654213723 0.8383733055265902 0.30582102519548215 0.8425443169968717 0.3040834057341442 0.845672575599583 0.30147697654213723 0.8425443169968717 0.2953953084274544 0.8561001042752868 0.2893136403127715 0.8613138686131387 0.2797567332754127 0.8602711157455684 0.2719374456993918 0.8561001042752868 0.2684622067767159 0.8529718456725757 0.2728062554300608 0.8446298227320125 0.2719374456993918 0.8415015641293013 0.2658557775847089 0.835245046923879 0.2728062554300608 0.8185610010427529 0.2710686359687228 0.8185610010427529 0.26498696785403997 0.7768508863399375 0.26498696785403997 0.6496350364963503 0.2719374456993918 0.46506777893639206 0.2893136403127715 0.38790406673618355 0.30668983492615115 0.2909280500521377 0.34839270199826233 0.30761209593326383 0.3727193744569939 0.31386861313868614 0.4074717636837532
2 0.6652763295099061 0.5638575152041703 0.6663190823774765 0.6072980017376194 0.6746611053180397 0.6298870547350129 0.6934306569343066 0.6298870547350129 0.6955161626694474 0.6350999131190269 0.7257559958289885 0.6350999131190269 0.8467153284671534 0.5986099044309295 0.8561001042752868 0.5916594265855777 0.8623566214807091 0.576889661164205 0.8936392075078207 0.43788010425716767 0.9113660062565172 0.3457862728062554 0.9113660062565172 0.33709817549956556 0.9051094890510949 0.33796698523023455 0.9030239833159541 0.3344917463075586 0.9040667361835245 0.3258036490008688 0.8978102189781022 0.32319721980886185 0.8936392075078207 0.3258036490008688 0.8665276329509907 0.32319721980886185 0.8154327424400417 0.3249348392701998 0.7445255474452555 0.31711555169417893 0.7163712200208551 0.3205907906168549 0.6955161626694474 0.3353605560382276 0.6850886339937435 0.3892267593397046 0.6798748696558916 0.526498696785404 0.6652763295099061 0.5638575152041703
4 0.09176225234619395 0.5430060816681147 0.10531803962460896 0.577758470894874 0.12408759124087591 0.5821025195482189 0.13034410844629823 0.5803649000868809 0.13764337851929093 0.5655951346655083 0.13764337851929093 0.5569070373588184 0.13034410844629823 0.5534317984361424 0.12930135557872785 0.5438748913987836 0.13764337851929093 0.5186794092093832 0.13138686131386862 0.5039096437880104 0.12408759124087591 0.49782797567332754 0.12200208550573514 0.48132059079061684 0.12095933263816476 0.46481320590790615 0.12825860271115747 0.4439617723718505 0.15745568300312826 0.43266724587315375 0.30552659019812306 0.4265855777584709 0.31178310740354537 0.42224152910512597 0.3096976016684046 0.3987836663770634 0.29718456725756 0.35881841876629017 0.28258602711157454 0.3518679409209383 0.1032325338894682 0.3518679409209383 0.0886339937434828 0.3579496090356212 0.08237747653806048 0.36837532580364896 0.08654848800834203 0.49782797567332754 0.09176225234619395 0.5430060816681147
1 0.1261730969760167 0.5551694178974804 0.10948905109489052 0.5803649000868809 0.11678832116788321 0.5829713292788878 0.5620437956204379 0.6238053866203301 0.6558915537017727 0.6316246741963509 0.6725755995828989 0.6298870547350129 0.6663190823774765 0.6203301476976542 0.6631908237747653 0.5977410947002606 0.667361835245047 0.5447437011294526 0.6579770594369134 0.5377932232841007 0.46715328467153283 0.524761077324066 0.19603753910323254 0.5143353605560382 0.13660062565172054 0.5134665508253692 0.12408759124087591 0.522154648132059 0.12095933263816476 0.5360556038227627 0.1261730969760167 0.5551694178974804
5 0.1334723670490094 0.5056472632493484 0.1543274244004171 0.5108601216333623 0.43899895724713245 0.520417028670721 0.6412930135557873 0.5343179843614249 0.6725755995828989 0.5325803649000869 0.6777893639207508 0.4917463075586446 0.6757038581856101 0.4526498696785404 0.6788321167883212 0.4465682015638575 0.6788321167883212 0.43440486533449174 0.6746611053180397 0.4300608166811468 0.29927007299270075 0.4300608166811468 0.17518248175182483 0.43353605560382275 0.14702815432742442 0.4361424847958297 0.12930135557872785 0.4448305821025195 0.12408759124087591 0.45351867940920937 0.1251303441084463 0.49695916594265854 0.1334723670490094 0.5056472632493484
3 0.3722627737226277 0.6316246741963509 0.38686131386861317 0.629018245004344 0.38894681960375393 0.6090356211989574 0.36496350364963503 0.6055603822762815 0.3660062565172054 0.6281494352736751 0.3722627737226277 0.6316246741963509
3 0.8196037539103233 0.678540399652476 0.8289885297184567 0.678540399652476 0.8362877997914494 0.6750651607298002 0.8394160583941606 0.6646394439617723 0.8279457768508863 0.6090356211989574 0.799791449426486 0.6151172893136403 0.8102189781021898 0.6715899218071242 0.8196037539103233 0.678540399652476
3 0.14702815432742442 0.6585577758470894 0.15849843587069865 0.6602953953084274 0.16475495307612095 0.6585577758470894 0.1699687174139729 0.6507384882710686 0.1772679874869656 0.5907906168549087 0.17413972888425444 0.5881841876629018 0.15015641293013557 0.5873153779322328 0.14598540145985403 0.5986099044309295 0.14181438998957246 0.6533449174630755 0.14702815432742442 0.6585577758470894
3 0.7090719499478624 0.7367506516072979 0.7288842544316997 0.734144222415291 0.735140771637122 0.731537793223284 0.7372262773722628 0.7202432667245873 0.7174139728884255 0.6403127715030408 0.6777893639207508 0.6342311033883579 0.7007299270072993 0.7306689834926151 0.7090719499478624 0.7367506516072979
