0 0.310740354535975 0.4352736750651607 0.41501564129301355 0.4396177237185056 0.6642335766423357 0.4596003475238922 0.6663190823774765 0.4039965247610773 0.6746611053180397 0.3449174630755864 0.680917622523462 0.33796698523023455 0.7132429614181439 0.3249348392701998 0.7194994786235662 0.32754126846220677 0.7413972888425443 0.3249348392701998 0.7434827945776851 0.31711555169417893 0.33785192909280504 0.31624674196351 0.33263816475495306 0.3197219808861859 0.31178310740354537 0.39009556907037357 0.3023983315954119 0.43179843614248475 0.310740354535975 0.4352736750651607
5 0.15745568300312826 0.5073848827106864 0.6204379562043796 0.5482189400521286 0.6600625651720542 0.5482189400521286 0.6684045881126174 0.5430060816681147 0.667361835245047 0.473501303214596 0.662148070907195 0.4613379669852302 0.4629822732012513 0.4448305821025195 0.2732012513034411 0.4352736750651607 0.18248175182481752 0.43874891398783666 0.13451511991657977 0.4526498696785404 0.13034410844629823 0.45873153779322323 0.12930135557872785 0.49695916594265854 0.15745568300312826 0.5073848827106864
2 0.6715328467153285 0.577758470894874 0.6767466110531805 0.6064291920069504 0.6850886339937435 0.6099044309296264 0.7278415015641293 0.6116420503909643 0.7768508863399375 0.5951346655082537 0.899895724713243 0.5629887054735012 0.9124087591240876 0.5569070373588184 0.9144942648592284 0.33275412684622063 0.8894681960375391 0.3266724587315378 0.8227320125130344 0.3301476976542137 0.7445255474452555 0.3266724587315378 0.6986444212721585 0.3362293657688966 0.6788321167883212 0.3466550825369244 0.6725755995828989 0.37445699391833187 0.6684045881126174 0.49609035621198955 0.6715328467153285 0.577758470894874
4 0.09384775808133472 0.5464813205907906 0.10948905109489052 0.5490877497827975 0.11574556830031282 0.5464813205907906 0.11678832116788321 0.5152041702867072 0.1251303441084463 0.4995655951346655 0.12721584984358708 0.4643788010425717 0.13451511991657977 0.4517810599478714 0.1710114702815433 0.43874891398783666 0.205422314911366 0.43440486533449174 0.3013555787278415 0.43266724587315375 0.3086548488008342 0.3944396177237185 0.3315954118873827 0.3197219808861859 0.32742440041710114 0.31624674196351 0.30552659019812306 0.315377932232841 0.10844629822732013 0.32145960034752386 0.0886339937434828 0.3249348392701998 0.08237747653806048 0.33362293657688963 0.0886339937434828 0.5395308427454387 0.09384775808133472 0.5464813205907906
1 0.12200208550573514 0.5430060816681147 0.1480709071949948 0.5543006081668115 0.6788321167883212 0.6081668114682884 0.6715328467153285 0.5968722849695917 0.6684045881126174 0.58123370981755 0.6715328467153285 0.5525629887054735 0.6652763295099061 0.5490877497827975 0.5443169968717414 0.5430060816681147 0.15745568300312826 0.5082536924413553 0.13451511991657977 0.5021720243266724 0.1251303441084463 0.5039096437880104 0.11991657977059438 0.5082536924413553 0.12200208550573514 0.5430060816681147
3 0.5192909280500522 0.5907906168549087 0.5192909280500522 0.5873153779322328 0.5109489051094891 0.5855777584708949 0.4869655891553702 0.5881841876629018 0.5192909280500522 0.5907906168549087
3 0.8790406673618353 0.6264118158123371 0.8832116788321168 0.6281494352736751 0.8873826903023984 0.6264118158123371 0.8894681960375391 0.6125108601216334 0.8905109489051095 0.5716768027801911 0.8894681960375391 0.5673327541268461 0.8748696558915537 0.5716768027801911 0.8779979144942649 0.6194613379669852 0.8790406673618353 0.6264118158123371
3 0.1178310740354536 0.5986099044309295 0.12095933263816476 0.6081668114682884 0.1261730969760167 0.6099044309296264 0.13138686131386862 0.6055603822762815 0.1334723670490094 0.5534317984361424 0.11887382690302399 0.5508253692441355 0.11470281543274244 0.5516941789748044 0.1178310740354536 0.5986099044309295
3 0.7142857142857143 0.684622067767159 0.7184567257559958 0.6750651607298002 0.7184567257559958 0.6142484795829712 0.6976016684045881 0.6133796698523023 0.7049009384775808 0.682015638575152 0.7142857142857143 0.684622067767159
6 0 0.999131190269331 0.9989572471324296 0.999131190269331 0.9989572471324296 0 0 0 0 0.999131190269331
