0 0.2596454640250261 0.40573414422241527 0.29197080291970806 0.420503909643788 0.2950990615224192 0.4257167680278019 0.29301355578727845 0.4352736750651607 0.31178310740354537 0.43179843614248475 0.3420229405630866 0.43440486533449174 0.6423357664233577 0.4300608166811468 0.6955161626694474 0.42137271937445697 0.7017726798748697 0.3796698523023458 0.7205422314911366 0.3509991311902693 0.7309697601668405 0.3449174630755864 0.7059436913451512 0.32754126846220677 0.6704900938477582 0.32754126846220677 0.662148070907195 0.32406602953953084 0.6611053180396246 0.31711555169417893 0.6412930135557873 0.32145960034752386 0.5933263816475496 0.31711555169417893 0.5870698644421273 0.3197219808861859 0.5849843587069865 0.31711555169417893 0.5630865484880083 0.31798436142484793 0.4734098018769552 0.3249348392701998 0.3743482794577685 0.33796698523023455 0.3034410844629823 0.35534317984361424 0.2586027111574557 0.3761946133796698 0.25651720542231493 0.3918331885317115 0.2596454640250261 0.40573414422241527
5 0.10844629822732013 0.4830582102519548 0.1105318039624609 0.49695916594265854 0.132429614181439 0.5039096437880104 0.16684045881126175 0.5021720243266724 0.32429614181439 0.5108601216333623 0.39520333680917624 0.5108601216333623 0.6798748696558916 0.525629887054735 0.6861313868613139 0.5230234578627281 0.6892596454640251 0.5143353605560382 0.6955161626694474 0.4456993918331885 0.6934306569343066 0.43440486533449174 0.6767466110531805 0.43179843614248475 0.27007299270072993 0.43788010425716767 0.11470281543274244 0.4465682015638575 0.10636079249217936 0.4578627280625543 0.09906152241918666 0.4613379669852302 0.09801876955161627 0.47002606429192006 0.10844629822732013 0.4830582102519548
2 0.680917622523462 0.6055603822762815 0.6903023983315955 0.6090356211989574 0.7455683003128258 0.6116420503909643 0.8519290928050053 0.5847089487402258 0.8623566214807091 0.578627280625543 0.8905109489051095 0.4613379669852302 0.9144942648592284 0.33362293657688963 0.8967674661105318 0.33796698523023455 0.8967674661105318 0.34404865334491747 0.8832116788321168 0.35360556038227625 0.8654848800834203 0.3475238922675934 0.7695516162669448 0.34317984361424847 0.7413972888425443 0.3457862728062554 0.7184567257559958 0.35534317984361424 0.7101147028154328 0.366637706342311 0.7017726798748697 0.3979148566463944 0.6923879040667362 0.5186794092093832 0.6767466110531805 0.5473501303214595 0.6746611053180397 0.5742832319721981 0.680917622523462 0.6055603822762815
4 0.09801876955161627 0.5499565595134666 0.10948905109489052 0.5516941789748044 0.12095933263816476 0.5325803649000869 0.12304483837330553 0.5195482189400521 0.12304483837330553 0.5013032145960035 0.1178310740354536 0.5013032145960035 0.10948905109489052 0.4917463075586446 0.10427528675703858 0.4596003475238922 0.10948905109489052 0.4526498696785404 0.13555787278415016 0.44309296264118153 0.2575599582898853 0.43788010425716767 0.25547445255474455 0.40660295395308427 0.24817518248175183 0.38748913987836664 0.23983315954118875 0.3831450912250217 0.10114702815432743 0.38575152041702865 0.08967674661105318 0.3883579496090356 0.08237747653806048 0.3970460469157254 0.08967674661105318 0.525629887054735 0.09801876955161627 0.5499565595134666
1 0.11678832116788321 0.523892267593397 0.11574556830031282 0.5291051259774109 0.12095933263816476 0.5369244135534318 0.10010427528675704 0.5499565595134666 0.11574556830031282 0.5543006081668115 0.1480709071949948 0.5551694178974804 0.16266944734098018 0.5595134665508253 0.6736183524504693 0.6090356211989574 0.680917622523462 0.6055603822762815 0.6736183524504693 0.5838401390095569 0.6736183524504693 0.5516941789748044 0.6840458811261731 0.5325803649000869 0.6704900938477582 0.5282363162467419 0.5203336809176226 0.5178105994787141 0.32638164754953075 0.5134665508253692 0.20437956204379562 0.5056472632493484 0.1178310740354536 0.5047784535186793 0.11678832116788321 0.5108601216333623 0.1105318039624609 0.5152041702867072 0.1105318039624609 0.522154648132059 0.11678832116788321 0.523892267593397
3 0.3180396246089677 0.5925282363162467 0.32012513034410844 0.576889661164205 0.3169968717413973 0.5742832319721981 0.3023983315954119 0.575152041702867 0.3034410844629823 0.5907906168549087 0.3180396246089677 0.5925282363162467
3 0.13034410844629823 0.6125108601216334 0.13764337851929093 0.6125108601216334 0.14494264859228365 0.6046915725456125 0.15015641293013557 0.5603822762814943 0.12930135557872785 0.5577758470894874 0.1261730969760167 0.573414422241529 0.12408759124087591 0.6081668114682884 0.13034410844629823 0.6125108601216334
3 0.8279457768508863 0.6507384882710686 0.8425443169968717 0.6507384882710686 0.8488008342022941 0.6463944396177237 0.8488008342022941 0.6403127715030408 0.835245046923879 0.5951346655082537 0.8154327424400417 0.5977410947002606 0.8237747653806048 0.6472632493483926 0.8279457768508863 0.6507384882710686
3 0.721584984358707 0.6933101650738488 0.7278415015641293 0.6993918331885317 0.7455683003128258 0.6993918331885317 0.7518248175182481 0.6959165942658557 0.7539103232533889 0.6889661164205039 0.7361835245046924 0.6177237185056472 0.7340980187695516 0.6151172893136403 0.7049009384775808 0.6133796698523023 0.7028154327424401 0.6194613379669852 0.721584984358707 0.6933101650738488
6 0 0.999131190269331 0.9989572471324296 0.999131190269331 0.9989572471324296 0 0 0 0 0.999131190269331
