0 0.3472367049009385 0.3631624674196351 0.3680917622523462 0.3822762814943527 0.3743482794577685 0.4083405734144222 0.36392075078206465 0.43874891398783666 0.3722627737226277 0.4396177237185056 0.5192909280500522 0.43874891398783666 0.6955161626694474 0.4448305821025195 0.6996871741397289 0.44309296264118153 0.7069864442127216 0.4135534317984361 0.735140771637122 0.3770634231103388 0.7747653806047967 0.34839270199826233 0.8018769551616267 0.33970460469157254 0.8175182481751825 0.3423110338835795 0.8102189781021898 0.33362293657688963 0.7685088633993744 0.33362293657688963 0.7612095933263817 0.3414422241529105 0.7393117831074035 0.3414422241529105 0.7372262773722628 0.33796698523023455 0.7267987486965589 0.33796698523023455 0.6225234619395204 0.36837532580364896 0.5370177267987487 0.37532580364900087 0.49530761209593327 0.36924413553431795 0.41605839416058393 0.3414422241529105 0.3524504692387904 0.32406602953953084 0.3347236704900939 0.32145960034752386 0.3284671532846715 0.3258036490008688 0.32638164754953075 0.33362293657688963 0.32638164754953075 0.35447437011294525 0.3472367049009385 0.3631624674196351
5 0.1480709071949948 0.5099913119026933 0.28779979144942647 0.5117289313640313 0.6892596454640251 0.5291051259774109 0.7038581856100105 0.5230234578627281 0.7320125130344108 0.45873153779322323 0.7236704900938478 0.4517810599478714 0.6736183524504693 0.4456993918331885 0.429614181438999 0.4404865334491746 0.21689259645464026 0.44917463075586445 0.16058394160583941 0.4569939183318853 0.13451511991657977 0.4665508253692441 0.132429614181439 0.47002606429192006 0.132429614181439 0.49609035621198955 0.1480709071949948 0.5099913119026933
6 0.09489051094890512 0.473501303214596 0.12304483837330553 0.5569070373588184 0.13660062565172054 0.5847089487402258 0.17205422314911367 0.6003475238922675 0.1772679874869656 0.6490008688097306 0.18143899895724713 0.6463944396177237 0.1835245046923879 0.6333622936576889 0.1845672575599583 0.5942658557775847 0.191866527632951 0.5916594265855777 0.34306569343065696 0.6029539530842745 0.35140771637122004 0.6125108601216334 0.3524504692387904 0.6055603822762815 0.3733055265901981 0.6038227628149435 0.6423357664233577 0.6220677671589921 0.6725755995828989 0.6281494352736751 0.6788321167883212 0.6959165942658557 0.6819603753910324 0.7011294526498696 0.6871741397288843 0.7011294526498696 0.6913451511991658 0.6342311033883579 0.6976016684045881 0.629018245004344 0.7851929092805006 0.6194613379669852 0.794577685088634 0.6287289313640313 0.7966631908237748 0.6472632493483926 0.8008342022940563 0.6490008688097306 0.8050052137643379 0.6472632493483926 0.8050052137643379 0.6238053866203301 0.8143899895724713 0.6142484795829712 0.8550573514077164 0.5994787141615986 0.8623566214807091 0.5933970460469157 0.8894681960375391 0.522154648132059 0.9071949947862357 0.4456993918331885 0.9176225234619395 0.35534317984361424 0.9165797705943691 0.30668983492615115 0.9019812304483837 0.2988705473501303 0.8790406673618353 0.2997393570807993 0.8415015641293013 0.314509122502172 0.7507820646506778 0.3310165073848827 0.629822732012513 0.365768896611642 0.570385818561001 0.37445699391833187 0.5286757038581856 0.37445699391833187 0.502606882168926 0.37011294526498695 0.42022940563086547 0.3423110338835795 0.3472367049009385 0.32232841007819285 0.27632950990615224 0.31277150304083406 0.21272158498435872 0.31277150304083406 0.16475495307612095 0.3197219808861859 0.12095933263816476 0.33796698523023455 0.09280500521376434 0.3614248479582971 0.08133472367049009 0.3883579496090356 0.08133472367049009 0.4109470026064292 0.09489051094890512 0.473501303214596
1 0.15224191866527634 0.5447437011294526 0.16579770594369134 0.58123370981755 0.16475495307612095 0.5873153779322328 0.1762252346193952 0.5838401390095569 0.1991657977059437 0.5933970460469157 0.6631908237747653 0.6246741963509991 0.6725755995828989 0.6229365768896611 0.6934306569343066 0.5534317984361424 0.7017726798748697 0.5369244135534318 0.6976016684045881 0.5308427454387489 0.6652763295099061 0.5282363162467419 0.35766423357664234 0.5143353605560382 0.1710114702815433 0.5125977410947002 0.15328467153284672 0.5152041702867072 0.14494264859228365 0.5212858384013901 0.14598540145985403 0.5369244135534318 0.15224191866527634 0.5447437011294526
2 0.708029197080292 0.6281494352736751 0.8133472367049009 0.6142484795829712 0.8613138686131387 0.5942658557775847 0.8873826903023984 0.527367506516073 0.9071949947862357 0.4439617723718505 0.9176225234619395 0.35273675065160726 0.9144942648592284 0.3049522154648132 0.8748696558915537 0.30582102519548215 0.8748696558915537 0.31190269331016507 0.8672231491136602 0.3197219808861859 0.8498435870698645 0.3205907906168549 0.8415015641293013 0.3310165073848827 0.8321167883211679 0.3344917463075586 0.7924921793534933 0.3761946133796698 0.7914494264859229 0.38488271068635965 0.7716371220020856 0.4152910512597741 0.7653806047966633 0.41702867072111205 0.7632950990615225 0.42311033883579496 0.7518248175182481 0.43179843614248475 0.735140771637122 0.4578627280625543 0.7122002085505735 0.5082536924413553 0.7028154327424401 0.5438748913987836 0.6788321167883212 0.6055603822762815 0.6757038581856101 0.6229365768896611 0.708029197080292 0.6281494352736751
4 0.09801876955161627 0.4830582102519548 0.1334723670490094 0.58123370981755 0.14389989572471323 0.5899218071242398 0.15641293013555788 0.5916594265855777 0.1616266944734098 0.5881841876629018 0.1616266944734098 0.579496090356212 0.14077163712200208 0.5299739357080799 0.32116788321167883 0.3570807993049522 0.32638164754953075 0.3205907906168549 0.2846715328467153 0.313640312771503 0.2440041710114703 0.31190269331016507 0.20333680917622524 0.313640312771503 0.16371220020855057 0.3197219808861859 0.14077163712200208 0.32754126846220677 0.1105318039624609 0.3449174630755864 0.09176225234619395 0.3622936576889661 0.08446298227320126 0.3770634231103388 0.08133472367049009 0.40573414422241527 0.09801876955161627 0.4830582102519548
3 0.34932221063607927 0.6168549087749783 0.3534932221063608 0.6151172893136403 0.3534932221063608 0.6046915725456125 0.3482794577685089 0.6029539530842745 0.34515119916579773 0.6099044309296264 0.34932221063607927 0.6168549087749783
3 0.799791449426486 0.6507384882710686 0.8060479666319083 0.6472632493483926 0.8050052137643379 0.6238053866203301 0.8039624608967675 0.6185925282363162 0.7956204379562044 0.6185925282363162 0.7956204379562044 0.6455256298870548 0.799791449426486 0.6507384882710686
3 0.18143899895724713 0.6516072980017376 0.18665276329509906 0.5951346655082537 0.18143899895724713 0.5916594265855777 0.1710114702815433 0.5916594265855777 0.17413972888425444 0.6481320590790617 0.18143899895724713 0.6516072980017376
3 0.6861313868613139 0.7019982623805386 0.6903023983315955 0.6993918331885317 0.6913451511991658 0.6863596872284969 0.6913451511991658 0.63249348392702 0.6736183524504693 0.627280625543006 0.6788321167883212 0.6985230234578627 0.6861313868613139 0.7019982623805386
