6 0.0886339937434828 0.5499565595134666 0.09801876955161627 0.5621198957428323 0.13764337851929093 0.5699391833188532 0.14702815432742442 0.575152041702867 0.1543274244004171 0.6264118158123371 0.16266944734098018 0.6264118158123371 0.16475495307612095 0.6099044309296264 0.37017726798748696 0.5821025195482189 0.6777893639207508 0.5994787141615986 0.7038581856100105 0.6055603822762815 0.7059436913451512 0.6594265855777585 0.7101147028154328 0.6629018245004343 0.7163712200208551 0.6629018245004343 0.7194994786235662 0.6576889661164205 0.7257559958289885 0.6090356211989574 0.7382690302398331 0.6038227628149435 0.8050052137643379 0.6029539530842745 0.8227320125130344 0.6081668114682884 0.8237747653806048 0.6255430060816681 0.8310740354535975 0.627280625543006 0.835245046923879 0.6229365768896611 0.8373305526590198 0.5977410947002606 0.8519290928050053 0.5968722849695917 0.8905109489051095 0.5821025195482189 0.9061522419186653 0.5508253692441355 0.9176225234619395 0.48132059079061684 0.9165797705943691 0.4596003475238922 0.9051094890510949 0.4109470026064292 0.8915537017726799 0.3822762814943527 0.8779979144942649 0.365768896611642 0.8508863399374349 0.3570807993049522 0.7872784150156413 0.3475238922675934 0.5849843587069865 0.3362293657688966 0.3347236704900939 0.33709817549956556 0.23983315954118875 0.3457862728062554 0.18248175182481752 0.35881841876629017 0.13138686131386862 0.38053866203301473 0.1032325338894682 0.40312771503040834 0.09280500521376434 0.42224152910512597 0.08237747653806048 0.4682884448305821 0.08133472367049009 0.5082536924413553 0.0886339937434828 0.5499565595134666
0 0.14077163712200208 0.4404865334491746 0.15849843587069865 0.46568201563857514 0.15641293013555788 0.47437011294526493 0.16371220020855057 0.4874022589052997 0.16058394160583941 0.49087749782797563 0.16371220020855057 0.49695916594265854 0.17205422314911367 0.4874022589052997 0.1710114702815433 0.47871416159860986 0.1845672575599583 0.4665508253692441 0.23044838373305526 0.4578627280625543 0.34932221063607927 0.4552562988705473 0.6068821689259646 0.4622067767158992 0.6746611053180397 0.46915725456125107 0.6913451511991658 0.4674196350999131 0.7132429614181439 0.46307558644656815 0.7142857142857143 0.4578627280625543 0.7267987486965589 0.4552562988705473 0.7288842544316997 0.4517810599478714 0.7559958289885297 0.4517810599478714 0.8039624608967675 0.43874891398783666 0.8133472367049009 0.4309296264118158 0.8258602711157456 0.4300608166811468 0.859228362877998 0.41181581233709813 0.8884254431699687 0.38053866203301473 0.8832116788321168 0.37098175499565594 0.8696558915537018 0.3622936576889661 0.7956204379562044 0.34839270199826233 0.5995828988529719 0.33709817549956556 0.3587069864442127 0.33709817549956556 0.2502606882168926 0.3449174630755864 0.18561001042752867 0.35881841876629017 0.1334723670490094 0.3796698523023458 0.10844629822732013 0.40052128583840135 0.11261730969760167 0.41702867072111205 0.14077163712200208 0.4404865334491746
5 0.17518248175182483 0.5412684622067767 0.6444212721584984 0.5673327541268461 0.643378519290928 0.5629887054735012 0.64859228362878 0.5612510860121633 0.667361835245047 0.5603822762814943 0.6725755995828989 0.5395308427454387 0.667361835245047 0.5091225021720243 0.6798748696558916 0.473501303214596 0.643378519290928 0.4665508253692441 0.3795620437956205 0.4569939183318853 0.24087591240875914 0.4596003475238922 0.1929092805005214 0.4665508253692441 0.17935349322210636 0.48045178105994785 0.16684045881126175 0.5056472632493484 0.16788321167883213 0.5386620330147698 0.17518248175182483 0.5412684622067767
2 0.6704900938477582 0.5916594265855777 0.6767466110531805 0.5986099044309295 0.7059436913451512 0.6038227628149435 0.8143899895724713 0.6020851433536055 0.8446298227320125 0.5986099044309295 0.8842544316996872 0.5855777584708949 0.8936392075078207 0.578627280625543 0.9030239833159541 0.5603822762814943 0.9176225234619395 0.4891398783666377 0.9144942648592284 0.4448305821025195 0.8936392075078207 0.38662033014769764 0.8884254431699687 0.3831450912250217 0.8654848800834203 0.40573414422241527 0.8435870698644421 0.42137271937445697 0.8206465067778936 0.43179843614248475 0.794577685088634 0.4413553431798436 0.781021897810219 0.4422241529105126 0.7643378519290929 0.45004344048653344 0.7372262773722628 0.4526498696785404 0.7257559958289885 0.45873153779322323 0.7184567257559958 0.4578627280625543 0.7049009384775808 0.46307558644656815 0.6850886339937435 0.47958297132927885 0.6746611053180397 0.5073848827106864 0.6757038581856101 0.5473501303214595 0.6704900938477582 0.5916594265855777
4 0.09176225234619395 0.5551694178974804 0.10218978102189781 0.5638575152041703 0.11366006256517205 0.5673327541268461 0.14285714285714285 0.5708079930495221 0.1616266944734098 0.5690703735881841 0.16266944734098018 0.5065160729800173 0.17831074035453598 0.472632493483927 0.10948905109489052 0.40312771503040834 0.10218978102189781 0.40573414422241527 0.09489051094890512 0.41789748045178104 0.08342022940563087 0.4569939183318853 0.08133472367049009 0.5108601216333623 0.09176225234619395 0.5551694178974804
3 0.278415015641293 0.5942658557775847 0.2794577685088634 0.579496090356212 0.2669447340980188 0.579496090356212 0.26903023983315955 0.5951346655082537 0.278415015641293 0.5942658557775847
3 0.8321167883211679 0.627280625543006 0.8362877997914494 0.6020851433536055 0.8227320125130344 0.6038227628149435 0.8237747653806048 0.6264118158123371 0.8321167883211679 0.627280625543006
3 0.1616266944734098 0.627280625543006 0.16475495307612095 0.6238053866203301 0.16684045881126175 0.5742832319721981 0.1480709071949948 0.573414422241529 0.15224191866527634 0.6246741963509991 0.1616266944734098 0.627280625543006
3 0.7174139728884255 0.6629018245004343 0.7257559958289885 0.6081668114682884 0.7236704900938478 0.6055603822762815 0.7059436913451512 0.6046915725456125 0.7059436913451512 0.6602953953084274 0.7174139728884255 0.6629018245004343
1 0.17935349322210636 0.5612510860121633 0.17205422314911367 0.5699391833188532 0.1772679874869656 0.5725456125108601 0.6986444212721585 0.6029539530842745 0.7549530761209593 0.6020851433536055 0.7476538060479666 0.5986099044309295 0.7247132429614181 0.6020851433536055 0.7090719499478624 0.6020851433536055 0.7028154327424401 0.5977410947002606 0.6719801876955162 0.5986099044309295 0.6642335766423357 0.5942658557775847 0.6579770594369134 0.575152041702867 0.6715328467153285 0.5673327541268461 0.6715328467153285 0.5638575152041703 0.6600625651720542 0.5603822762814943 0.6444212721584984 0.5621198957428323 0.4786235662148071 0.5490877497827975 0.3388946819603754 0.5438748913987836 0.32429614181439 0.5395308427454387 0.278415015641293 0.5412684622067767 0.16788321167883213 0.5343179843614249 0.16788321167883213 0.5525629887054735 0.17935349322210636 0.5612510860121633
