0 0.3023983315954119 0.3414422241529105 0.30761209593326383 0.3518679409209383 0.31908237747653806 0.4109470026064292 0.3295099061522419 0.43440486533449174 0.3472367049009385 0.45351867940920937 0.6631908237747653 0.472632493483927 0.6757038581856101 0.470894874022589 0.680917622523462 0.4552562988705473 0.7153284671532847 0.4074717636837532 0.7455683003128258 0.37185056472632494 0.7695516162669448 0.35273675065160726 0.7653806047966633 0.34839270199826233 0.28362877997914493 0.3292788879235447 0.264859228362878 0.3301476976542137 0.251303441084463 0.3353605560382276 0.2533889468196038 0.34404865334491747 0.3023983315954119 0.3414422241529105
5 0.11887382690302399 0.5412684622067767 0.6266944734098019 0.58123370981755 0.7549530761209593 0.5942658557775847 0.7799791449426486 0.5925282363162467 0.7956204379562044 0.5821025195482189 0.7924921793534933 0.5073848827106864 0.7685088633993744 0.5099913119026933 0.7142857142857143 0.4865334491746307 0.662148070907195 0.472632493483927 0.3409801876955162 0.45438748913987836 0.26903023983315955 0.4578627280625543 0.15641293013555788 0.470894874022589 0.13034410844629823 0.4778453518679409 0.10531803962460896 0.4882710686359687 0.09906152241918666 0.49435273675065156 0.09906152241918666 0.5334491746307558 0.11887382690302399 0.5412684622067767
2 0.7987486965589156 0.5395308427454387 0.8060479666319083 0.5421372719374457 0.8070907194994786 0.5473501303214595 0.8164754953076121 0.5499565595134666 0.8196037539103233 0.5803649000868809 0.8310740354535975 0.5890529973935708 0.845672575599583 0.58123370981755 0.8706986444212722 0.5577758470894874 0.9144942648592284 0.5369244135534318 0.9155370177267987 0.4152910512597741 0.9103232533889468 0.40225890529973934 0.886339937434828 0.3987836663770634 0.8415015641293013 0.4144222415291051 0.8362877997914494 0.419635099913119 0.8196037539103233 0.42137271937445697 0.8029197080291971 0.43179843614248475 0.7987486965589156 0.4456993918331885 0.7987486965589156 0.5395308427454387
4 0.16058394160583941 0.4682884448305821 0.16475495307612095 0.4456993918331885 0.15015641293013557 0.38575152041702865 0.11574556830031282 0.38662033014769764 0.11678832116788321 0.3944396177237185 0.11157455683003129 0.40052128583840135 0.10948905109489052 0.41702867072111205 0.10948905109489052 0.48218940052128584 0.16058394160583941 0.4682884448305821
3 0.38164754953076124 0.6029539530842745 0.3931178310740355 0.6020851433536055 0.3962460896767466 0.5986099044309295 0.3962460896767466 0.576020851433536 0.37747653806047965 0.573414422241529 0.37747653806047965 0.5994787141615986 0.38164754953076124 0.6029539530842745
3 0.6173096976016684 0.6229365768896611 0.6235662148070907 0.6168549087749783 0.6235662148070907 0.5951346655082537 0.6047966631908238 0.5925282363162467 0.6037539103232534 0.6203301476976542 0.6173096976016684 0.6229365768896611
3 0.09489051094890512 0.6012163336229366 0.10010427528675704 0.6046915725456125 0.11261730969760167 0.6046915725456125 0.11678832116788321 0.5951346655082537 0.11574556830031282 0.5525629887054735 0.10427528675703858 0.5499565595134666 0.09489051094890512 0.5499565595134666 0.09489051094890512 0.6012163336229366
3 0.899895724713243 0.6133796698523023 0.9144942648592284 0.6142484795829712 0.9186652763295099 0.6099044309296264 0.9176225234619395 0.5551694178974804 0.9144942648592284 0.5490877497827975 0.8988529718456726 0.5603822762814943 0.8967674661105318 0.6090356211989574 0.899895724713243 0.6133796698523023
3 0.8185610010427529 0.6707211120764552 0.8227320125130344 0.6663770634231103 0.8206465067778936 0.5994787141615986 0.799791449426486 0.6090356211989574 0.7987486965589156 0.6681146828844483 0.8185610010427529 0.6707211120764552
6 0 0.999131190269331 0.9989572471324296 0.999131190269331 0.9989572471324296 0 0 0 0 0.999131190269331
