6 0.09176225234619395 0.5430060816681147 0.10114702815432743 0.5534317984361424 0.13555787278415016 0.5629887054735012 0.1480709071949948 0.575152041702867 0.15119916579770595 0.6116420503909643 0.1553701772679875 0.6194613379669852 0.16371220020855057 0.6168549087749783 0.16579770594369134 0.578627280625543 0.18039624608967675 0.5690703735881841 0.6642335766423357 0.6229365768896611 0.6767466110531805 0.6220677671589921 0.6830031282586028 0.6277150304083405 0.6882168925964547 0.6750651607298002 0.694473409801877 0.682884448305821 0.7028154327424401 0.6776715899218071 0.7049009384775808 0.6264118158123371 0.7789363920750783 0.6220677671589921 0.8185610010427529 0.6151172893136403 0.8279457768508863 0.6281494352736751 0.8342022940563086 0.630755864465682 0.8394160583941606 0.627280625543006 0.8446298227320125 0.6081668114682884 0.8905109489051095 0.5881841876629018 0.9061522419186653 0.5612510860121633 0.9176225234619395 0.48218940052128584 0.9113660062565172 0.4283231972198088 0.894681960375391 0.3892267593397046 0.881126173096976 0.37098175499565594 0.8519290928050053 0.35881841876629017 0.8091762252346194 0.3501303214596003 0.6642335766423357 0.33275412684622063 0.4035453597497393 0.31798436142484793 0.3096976016684046 0.3188531711555169 0.25651720542231493 0.32406602953953084 0.1981230448383733 0.33796698523023455 0.16579770594369134 0.3501303214596003 0.12930135557872785 0.3727193744569939 0.10844629822732013 0.3935708079930495 0.09280500521376434 0.420503909643788 0.08237747653806048 0.46568201563857514 0.08237747653806048 0.5056472632493484 0.09176225234619395 0.5430060816681147
0 0.13660062565172054 0.42311033883579496 0.14598540145985403 0.4422241529105126 0.16058394160583941 0.4552562988705473 0.18143899895724713 0.4526498696785404 0.18561001042752867 0.4569939183318853 0.21167883211678834 0.4456993918331885 0.24817518248175183 0.4422241529105126 0.31908237747653806 0.44309296264118153 0.543274244004171 0.4604691572545612 0.6840458811261731 0.4761077324066029 0.6986444212721585 0.47437011294526493 0.7028154327424401 0.46915725456125107 0.7288842544316997 0.4622067767158992 0.7434827945776851 0.45438748913987836 0.7549530761209593 0.4613379669852302 0.767466110531804 0.45004344048653344 0.7799791449426486 0.4526498696785404 0.8018769551616267 0.4422241529105126 0.808133472367049 0.4404865334491746 0.8102189781021898 0.44309296264118153 0.821689259645464 0.43874891398783666 0.8488008342022941 0.42311033883579496 0.8748696558915537 0.40052128583840135 0.8832116788321168 0.40139009556907035 0.8905109489051095 0.3970460469157254 0.8873826903023984 0.3822762814943527 0.8779979144942649 0.36924413553431795 0.821689259645464 0.35273675065160726 0.6475495307612096 0.3318853171155517 0.4275286757038582 0.3188531711555169 0.30656934306569344 0.3197219808861859 0.24087591240875914 0.32754126846220677 0.17205422314911367 0.34839270199826233 0.13764337851929093 0.36924413553431795 0.11991657977059438 0.39009556907037357 0.12200208550573514 0.4109470026064292 0.13660062565172054 0.42311033883579496
5 0.18143899895724713 0.523892267593397 0.22419186652763295 0.526498696785404 0.3795620437956205 0.5438748913987836 0.5109489051094891 0.5543006081668115 0.5881126173096977 0.5655951346655083 0.6308654848800834 0.5682015638575152 0.643378519290928 0.578627280625543 0.6506777893639207 0.5595134665508253 0.6496350364963503 0.5291051259774109 0.6548488008342023 0.5030408340573415 0.6788321167883212 0.4830582102519548 0.6788321167883212 0.4769765421372719 0.4191866527632951 0.4526498696785404 0.2533889468196038 0.4448305821025195 0.21689259645464026 0.44830582102519545 0.19603753910323254 0.45438748913987836 0.18665276329509906 0.4596003475238922 0.16684045881126175 0.4926151172893136 0.16788321167883213 0.527367506516073 0.18143899895724713 0.523892267593397
2 0.6590198123044838 0.6194613379669852 0.7122002085505735 0.6246741963509991 0.781021897810219 0.6211989574283232 0.8415015641293013 0.6099044309296264 0.8790406673618353 0.5951346655082537 0.8936392075078207 0.5847089487402258 0.9040667361835245 0.5655951346655083 0.9165797705943691 0.49435273675065156 0.9113660062565172 0.4291920069504778 0.8894681960375391 0.3831450912250217 0.886339937434828 0.3831450912250217 0.8873826903023984 0.38662033014769764 0.8717413972888426 0.40573414422241527 0.8289885297184567 0.4352736750651607 0.8060479666319083 0.4456993918331885 0.7737226277372263 0.4552562988705473 0.767466110531804 0.45438748913987836 0.7580813347236706 0.4622067767158992 0.7476538060479666 0.45873153779322323 0.7267987486965589 0.4622067767158992 0.7205422314911366 0.4674196350999131 0.6996871741397289 0.473501303214596 0.6840458811261731 0.4900086880973067 0.6642335766423357 0.5013032145960035 0.6538060479666319 0.522154648132059 0.6538060479666319 0.6020851433536055 0.6590198123044838 0.6194613379669852
4 0.09697601668404589 0.5499565595134666 0.1261730969760167 0.5612510860121633 0.14702815432742442 0.5621198957428323 0.16058394160583941 0.5673327541268461 0.16475495307612095 0.5638575152041703 0.16579770594369134 0.5508253692441355 0.1616266944734098 0.5069504778453519 0.16892596454640252 0.4839270199826238 0.17831074035453598 0.46915725456125107 0.17831074035453598 0.4456993918331885 0.1710114702815433 0.4439617723718505 0.16579770594369134 0.4526498696785404 0.1553701772679875 0.4569939183318853 0.13451511991657977 0.4265855777584709 0.11678832116788321 0.4100781928757602 0.11470281543274244 0.40139009556907035 0.12200208550573514 0.39009556907037357 0.11887382690302399 0.38662033014769764 0.09697601668404589 0.41181581233709813 0.08237747653806048 0.4604691572545612 0.08446298227320126 0.5212858384013901 0.09697601668404589 0.5499565595134666
3 0.3555787278415016 0.6159860990443092 0.3524504692387904 0.6107732406602954 0.34515119916579773 0.6107732406602954 0.34515119916579773 0.6203301476976542 0.3555787278415016 0.6159860990443092
3 0.22314911366006257 0.5933970460469157 0.24087591240875914 0.5933970460469157 0.24504692387904067 0.5890529973935708 0.2440041710114703 0.5864465682015638 0.22210636079249219 0.5881841876629018 0.22002085505735142 0.5916594265855777 0.22314911366006257 0.5933970460469157
3 0.8310740354535975 0.630755864465682 0.8383733055265902 0.627280625543006 0.8394160583941606 0.6125108601216334 0.8342022940563086 0.6125108601216334 0.8279457768508863 0.6159860990443092 0.8310740354535975 0.630755864465682
3 0.1543274244004171 0.6177237185056472 0.1616266944734098 0.6194613379669852 0.16475495307612095 0.5699391833188532 0.15015641293013557 0.5664639443961772 0.15015641293013557 0.6038227628149435 0.1543274244004171 0.6177237185056472
3 0.6913451511991658 0.682015638575152 0.6955161626694474 0.682884448305821 0.6996871741397289 0.682015638575152 0.7028154327424401 0.6750651607298002 0.7038581856100105 0.6264118158123371 0.6850886339937435 0.6246741963509991 0.6871741397288843 0.6698523023457862 0.6913451511991658 0.682015638575152
1 0.17413972888425444 0.5421372719374457 0.1772679874869656 0.5534317984361424 0.17309697601668406 0.5569070373588184 0.17309697601668406 0.5638575152041703 0.1772679874869656 0.5682015638575152 0.6527632950990615 0.6194613379669852 0.6454640250260688 0.5742832319721981 0.6412930135557873 0.5699391833188532 0.4358706986444213 0.5464813205907906 0.3962460896767466 0.5456125108601216 0.3023983315954119 0.5334491746307558 0.27632950990615224 0.5334491746307558 0.2596454640250261 0.5291051259774109 0.1710114702815433 0.523892267593397 0.16788321167883213 0.5369244135534318 0.17413972888425444 0.5421372719374457
