6 0.08654848800834203 0.48218940052128584 0.10427528675703858 0.5430060816681147 0.1178310740354536 0.5603822762814943 0.1397288842544317 0.5621198957428323 0.14285714285714285 0.5690703735881841 0.1334723670490094 0.6385751520417028 0.14077163712200208 0.6403127715030408 0.14702815432742442 0.6333622936576889 0.16266944734098018 0.5716768027801911 0.1762252346193952 0.5621198957428323 0.29405630865484883 0.5664639443961772 0.3044838373305527 0.5725456125108601 0.31178310740354537 0.6099044309296264 0.3169968717413973 0.6168549087749783 0.3232533889468196 0.6142484795829712 0.32429614181439 0.6099044309296264 0.32116788321167883 0.5829713292788878 0.32742440041710114 0.5682015638575152 0.7194994786235662 0.578627280625543 0.7257559958289885 0.58123370981755 0.735140771637122 0.6246741963509991 0.7393117831074035 0.6715899218071242 0.7455683003128258 0.6741963509991311 0.7539103232533889 0.6715899218071242 0.7549530761209593 0.6646394439617723 0.7507820646506778 0.5855777584708949 0.7685088633993744 0.576889661164205 0.8289885297184567 0.5682015638575152 0.8342022940563086 0.5716768027801911 0.8550573514077164 0.6342311033883579 0.8623566214807091 0.6394439617723718 0.8686131386861314 0.6368375325803649 0.8561001042752868 0.579496090356212 0.8581856100104276 0.5621198957428323 0.881126173096976 0.5490877497827975 0.8915537017726799 0.5360556038227627 0.9051094890510949 0.5065160729800173 0.9176225234619395 0.43874891398783666 0.9176225234619395 0.4109470026064292 0.9144942648592284 0.3892267593397046 0.9040667361835245 0.3614248479582971 0.886339937434828 0.3414422241529105 0.8665276329509907 0.3310165073848827 0.8112617309697602 0.3249348392701998 0.6684045881126174 0.3249348392701998 0.42544316996871745 0.33362293657688963 0.34410844629822734 0.33970460469157254 0.3044838373305527 0.35621198957428324 0.264859228362878 0.39096437880104257 0.23149113660062565 0.4048653344917463 0.191866527632951 0.4100781928757602 0.10636079249217936 0.4144222415291051 0.09071949947862357 0.41789748045178104 0.08342022940563087 0.4257167680278019 0.08133472367049009 0.44917463075586445 0.08654848800834203 0.48218940052128584
4 0.09801876955161627 0.5299739357080799 0.11157455683003129 0.5551694178974804 0.12304483837330553 0.5603822762814943 0.12825860271115747 0.5482189400521286 0.13660062565172054 0.5430060816681147 0.1386861313868613 0.5291051259774109 0.13764337851929093 0.5152041702867072 0.1261730969760167 0.4882710686359687 0.12930135557872785 0.47002606429192006 0.15328467153284672 0.4604691572545612 0.19603753910323254 0.45351867940920937 0.24713242961418144 0.4526498696785404 0.2638164754953076 0.44917463075586445 0.2711157455683003 0.4422241529105126 0.27528675703858185 0.4100781928757602 0.27424400417101147 0.4039965247610773 0.26173096976016685 0.3935708079930495 0.2273201251303441 0.40573414422241527 0.10010427528675704 0.4144222415291051 0.0886339937434828 0.41789748045178104 0.08133472367049009 0.4248479582971329 0.08446298227320126 0.4778453518679409 0.09801876955161627 0.5299739357080799
2 0.7142857142857143 0.5360556038227627 0.7194994786235662 0.5534317984361424 0.708029197080292 0.5569070373588184 0.7174139728884255 0.577758470894874 0.7445255474452555 0.5829713292788878 0.8279457768508863 0.5655951346655083 0.8394160583941606 0.5673327541268461 0.8717413972888426 0.5569070373588184 0.8967674661105318 0.525629887054735 0.9103232533889468 0.4874022589052997 0.9165797705943691 0.420503909643788 0.908237747653806 0.4092093831450912 0.9144942648592284 0.3979148566463944 0.913451511991658 0.39009556907037357 0.8915537017726799 0.3892267593397046 0.7664233576642336 0.40312771503040834 0.7424400417101147 0.4100781928757602 0.735140771637122 0.42311033883579496 0.7309697601668405 0.4891398783666377 0.7142857142857143 0.5360556038227627
0 0.27632950990615224 0.42311033883579496 0.27007299270072993 0.43788010425716767 0.27007299270072993 0.4456993918331885 0.27424400417101147 0.44917463075586445 0.7278415015641293 0.45004344048653344 0.7330552659019812 0.42224152910512597 0.7393117831074035 0.4100781928757602 0.7559958289885297 0.40312771503040834 0.845672575599583 0.3944396177237185 0.8748696558915537 0.3770634231103388 0.872784150156413 0.3570807993049522 0.881126173096976 0.3475238922675934 0.8748696558915537 0.3466550825369244 0.8738269030239834 0.3405734144222415 0.8665276329509907 0.33970460469157254 0.8561001042752868 0.3310165073848827 0.794577685088634 0.3258036490008688 0.6538060479666319 0.3258036490008688 0.36392075078206465 0.33709817549956556 0.33680917622523465 0.3414422241529105 0.31282586027111575 0.3518679409209383 0.2711157455683003 0.38662033014769764 0.2773722627737226 0.40660295395308427 0.27632950990615224 0.42311033883579496
5 0.13555787278415016 0.5117289313640313 0.15328467153284672 0.5186794092093832 0.5224191866527633 0.5212858384013901 0.6152241918665277 0.526498696785404 0.7111574556830031 0.526498696785404 0.7257559958289885 0.5047784535186793 0.7288842544316997 0.4561251086012163 0.7236704900938478 0.4526498696785404 0.6955161626694474 0.4517810599478714 0.27424400417101147 0.4517810599478714 0.1991657977059437 0.4552562988705473 0.13555787278415016 0.4665508253692441 0.12825860271115747 0.473501303214596 0.132429614181439 0.5065160729800173 0.13555787278415016 0.5117289313640313
3 0.31386861313868614 0.6168549087749783 0.32116788321167883 0.6177237185056472 0.32533889468196037 0.6125108601216334 0.32116788321167883 0.5699391833188532 0.3044838373305527 0.5690703735881841 0.31178310740354537 0.6133796698523023 0.31386861313868614 0.6168549087749783
3 0.8561001042752868 0.6368375325803649 0.859228362877998 0.6403127715030408 0.8665276329509907 0.6403127715030408 0.8696558915537018 0.6350999131190269 0.8550573514077164 0.5664639443961772 0.8362877997914494 0.5690703735881841 0.8342022940563086 0.575152041702867 0.8561001042752868 0.6368375325803649
3 0.14285714285714285 0.6403127715030408 0.16058394160583941 0.5847089487402258 0.16266944734098018 0.5638575152041703 0.14389989572471323 0.5638575152041703 0.14181438998957246 0.5664639443961772 0.132429614181439 0.627280625543006 0.132429614181439 0.6403127715030408 0.14285714285714285 0.6403127715030408
3 0.7507820646506778 0.6741963509991311 0.7549530761209593 0.6689834926151172 0.7518248175182481 0.5873153779322328 0.748696558915537 0.5838401390095569 0.7267987486965589 0.5838401390095569 0.7393117831074035 0.6715899218071242 0.7507820646506778 0.6741963509991311
1 0.6392075078206465 0.578627280625543 0.7174139728884255 0.579496090356212 0.7320125130344108 0.5742832319721981 0.7163712200208551 0.5386620330147698 0.6913451511991658 0.5317115551694178 0.6339937434827946 0.5308427454387489 0.5787278415015642 0.525629887054735 0.3910323253388947 0.525629887054735 0.3722627737226277 0.522154648132059 0.2575599582898853 0.525629887054735 0.14702815432742442 0.5230234578627281 0.13034410844629823 0.5291051259774109 0.11991657977059438 0.5603822762814943 0.6392075078206465 0.578627280625543
