0 0.32012513034410844 0.4448305821025195 0.7132429614181439 0.4300608166811468 0.7382690302398331 0.43266724587315375 0.7716371220020856 0.44309296264118153 0.7768508863399375 0.40573414422241527 0.7935349322210636 0.3631624674196351 0.7904066736183525 0.35968722849695917 0.7914494264859229 0.34839270199826233 0.7768508863399375 0.33883579496090355 0.7747653806047967 0.3188531711555169 0.7904066736183525 0.31711555169417893 0.7893639207507821 0.29278887923544744 0.7413972888425443 0.29278887923544744 0.6517205422314911 0.2997393570807993 0.6246089676746611 0.3049522154648132 0.5443169968717414 0.30842745438748914 0.4921793534932221 0.31711555169417893 0.45881126173096975 0.31711555169417893 0.3826903023983316 0.3266724587315378 0.34410844629822734 0.33796698523023455 0.3347236704900939 0.36490008688097303 0.3180396246089677 0.4309296264118158 0.32012513034410844 0.4448305821025195
5 0.09801876955161627 0.48132059079061684 0.15641293013555788 0.47437011294526493 0.4118873826903024 0.470894874022589 0.5735140771637122 0.4604691572545612 0.7101147028154328 0.46394439617723715 0.7966631908237748 0.470894874022589 0.8029197080291971 0.47002606429192006 0.8029197080291971 0.4665508253692441 0.7778936392075079 0.44917463075586445 0.7455683003128258 0.43788010425716767 0.7101147028154328 0.43353605560382275 0.6600625651720542 0.43353605560382275 0.18039624608967675 0.4526498696785404 0.12095933263816476 0.4622067767158992 0.09489051094890512 0.473501303214596 0.08967674661105318 0.4778453518679409 0.09801876955161627 0.48132059079061684
6 0.10218978102189781 0.5742832319721981 0.09906152241918666 0.6463944396177237 0.09489051094890512 0.6594265855777585 0.09697601668404589 0.6794092093831451 0.10218978102189781 0.68375325803649 0.10844629822732013 0.682015638575152 0.11261730969760167 0.6741963509991311 0.12930135557872785 0.576889661164205 0.1397288842544317 0.5699391833188532 0.32012513034410844 0.5708079930495221 0.3284671532846715 0.6394439617723718 0.33576642335766427 0.6550825369244135 0.34306569343065696 0.6507384882710686 0.34410844629822734 0.577758470894874 0.3670490093847758 0.5716768027801911 0.6830031282586028 0.5708079930495221 0.694473409801877 0.58123370981755 0.7132429614181439 0.7028670721112076 0.7194994786235662 0.7115551694178974 0.7288842544316997 0.7115551694178974 0.7330552659019812 0.7080799304952216 0.7330552659019812 0.6768027801911382 0.7278415015641293 0.5855777584708949 0.735140771637122 0.5699391833188532 0.859228362877998 0.5577758470894874 0.8706986444212722 0.5847089487402258 0.8696558915537018 0.5951346655082537 0.8842544316996872 0.6646394439617723 0.8936392075078207 0.6733275412684622 0.899895724713243 0.6672458731537793 0.8936392075078207 0.5586446568201564 0.9113660062565172 0.5482189400521286 0.9176225234619395 0.5169417897480452 0.9165797705943691 0.31798436142484793 0.9092805005213764 0.30668983492615115 0.8905109489051095 0.2953953084274544 0.8644421272158499 0.2893136403127715 0.8060479666319083 0.2875760208514335 0.5359749739311783 0.30842745438748914 0.3743482794577685 0.3266724587315378 0.29301355578727845 0.3509991311902693 0.2533889468196038 0.37098175499565594 0.191866527632951 0.41789748045178104 0.16266944734098018 0.45351867940920937 0.11991657977059438 0.4622067767158992 0.09280500521376434 0.47437011294526493 0.08759124087591241 0.48045178105994785 0.08237747653806048 0.5013032145960035 0.08342022940563087 0.5647263249348392 0.10218978102189781 0.5742832319721981
1 0.10114702815432743 0.5690703735881841 0.3472367049009385 0.5716768027801911 0.7372262773722628 0.5690703735881841 0.8008342022940563 0.5638575152041703 0.8091762252346194 0.5603822762814943 0.8112617309697602 0.4778453518679409 0.808133472367049 0.472632493483927 0.7893639207507821 0.4682884448305821 0.6642335766423357 0.4604691572545612 0.6141814389989573 0.4622067767158992 0.5954118873826904 0.45873153779322323 0.5849843587069865 0.4526498696785404 0.5276329509906152 0.46307558644656815 0.46750052137643383 0.4674196350999131 0.3096976016684046 0.46915725456125107 0.29927007299270075 0.4665508253692441 0.264859228362878 0.470894874022589 0.251303441084463 0.46481320590790615 0.21793534932221065 0.471763683753258 0.16475495307612095 0.46915725456125107 0.1397288842544317 0.47523892267593393 0.09280500521376434 0.47958297132927885 0.08654848800834203 0.4865334491746307 0.08237747653806048 0.5178105994787141 0.08446298227320126 0.5647263249348392 0.10114702815432743 0.5690703735881841
3 0.32012513034410844 0.579496090356212 0.3295099061522419 0.6498696785403996 0.33263816475495306 0.6550825369244135 0.3388946819603754 0.6559513466550825 0.34306569343065696 0.6524761077324066 0.3461939520333681 0.5742832319721981 0.3232533889468196 0.5716768027801911 0.32012513034410844 0.5725456125108601 0.32012513034410844 0.579496090356212
3 0.8842544316996872 0.6611642050390965 0.8967674661105318 0.6715899218071242 0.9009384775808134 0.6611642050390965 0.894681960375391 0.6455256298870548 0.8978102189781022 0.6437880104257168 0.8978102189781022 0.6229365768896611 0.8936392075078207 0.5638575152041703 0.8873826903023984 0.5569070373588184 0.8654848800834203 0.5595134665508253 0.8654848800834203 0.578627280625543 0.8842544316996872 0.6611642050390965
3 0.10636079249217936 0.68375325803649 0.11470281543274244 0.6637706342311034 0.13034410844629823 0.5716768027801911 0.10218978102189781 0.5708079930495221 0.10010427528675704 0.573414422241529 0.09697601668404589 0.629018245004344 0.0959332638164755 0.680278019113814 0.10636079249217936 0.68375325803649
3 0.7132429614181439 0.7011294526498696 0.7163712200208551 0.7080799304952216 0.7257559958289885 0.7124239791485665 0.7320125130344108 0.7098175499565594 0.7340980187695516 0.7037358818418766 0.7288842544316997 0.5742832319721981 0.7205422314911366 0.5716768027801911 0.6923879040667362 0.5725456125108601 0.6913451511991658 0.5855777584708949 0.7132429614181439 0.7011294526498696
2 0.8842544316996872 0.5551694178974804 0.9103232533889468 0.5499565595134666 0.9176225234619395 0.5152041702867072 0.9186652763295099 0.366637706342311 0.9144942648592284 0.3475238922675934 0.9071949947862357 0.366637706342311 0.8779979144942649 0.4074717636837532 0.8112617309697602 0.4604691572545612 0.8123044838373306 0.5603822762814943 0.8842544316996872 0.5551694178974804
4 0.1699687174139729 0.45438748913987836 0.3180396246089677 0.4439617723718505 0.32116788321167883 0.42137271937445697 0.3472367049009385 0.33796698523023455 0.33576642335766427 0.33796698523023455 0.29301355578727845 0.3509991311902693 0.24713242961418144 0.37445699391833187 0.1991657977059437 0.4109470026064292 0.16475495307612095 0.45004344048653344 0.16371220020855057 0.4526498696785404 0.1699687174139729 0.45438748913987836
