6 0.10010427528675704 0.5082536924413553 0.12408759124087591 0.5403996524761077 0.1553701772679875 0.5586446568201564 0.15745568300312826 0.576889661164205 0.14702815432742442 0.6620330147697654 0.16058394160583941 0.6611642050390965 0.1616266944734098 0.6368375325803649 0.1772679874869656 0.5655951346655083 0.18769551616266944 0.5629887054735012 0.32429614181439 0.58123370981755 0.34932221063607927 0.5873153779322328 0.35036496350364965 0.6194613379669852 0.3587069864442127 0.6194613379669852 0.3618352450469239 0.6159860990443092 0.3607924921793535 0.5942658557775847 0.3691345151199166 0.5873153779322328 0.5099061522419187 0.6046915725456125 0.6850886339937435 0.6168549087749783 0.6903023983315955 0.6194613379669852 0.6934306569343066 0.6498696785403996 0.6986444212721585 0.7271937445699391 0.6955161626694474 0.7410947002606428 0.7059436913451512 0.7428323197219808 0.7122002085505735 0.7410947002606428 0.7090719499478624 0.7202432667245873 0.7132429614181439 0.6185925282363162 0.7174139728884255 0.6142484795829712 0.7768508863399375 0.5968722849695917 0.7841501564129302 0.6081668114682884 0.7935349322210636 0.6498696785403996 0.794577685088634 0.6733275412684622 0.8070907194994786 0.6750651607298002 0.8102189781021898 0.6724587315377932 0.8018769551616267 0.6394439617723718 0.8008342022940563 0.5890529973935708 0.8446298227320125 0.5603822762814943 0.8717413972888426 0.525629887054735 0.8967674661105318 0.4682884448305821 0.9103232533889468 0.4239791485664639 0.9165797705943691 0.38662033014769764 0.9165797705943691 0.35360556038227625 0.9113660062565172 0.3310165073848827 0.8978102189781022 0.3040834057341442 0.8779979144942649 0.2893136403127715 0.8383733055265902 0.27715030408340574 0.7612095933263817 0.2667245873153779 0.5849843587069865 0.25890529973935705 0.429614181438999 0.25803649000868806 0.3680917622523462 0.262380538662033 0.3336809176225235 0.27019982623805383 0.3086548488008342 0.2710686359687228 0.264859228362878 0.2814943527367506 0.20125130344108447 0.3101650738488271 0.15849843587069865 0.33796698523023455 0.12825860271115747 0.3640312771503041 0.09489051094890512 0.40225890529973934 0.08446298227320126 0.4248479582971329 0.08550573514077164 0.47002606429192006 0.10010427528675704 0.5082536924413553
5 0.1334723670490094 0.524761077324066 0.14494264859228365 0.5282363162467419 0.36392075078206465 0.5577758470894874 0.616266944734098 0.58123370981755 0.6444212721584984 0.58123370981755 0.6579770594369134 0.5803649000868809 0.6652763295099061 0.5742832319721981 0.6694473409801878 0.5586446568201564 0.6652763295099061 0.5082536924413553 0.6798748696558916 0.47002606429192006 0.5974973931178311 0.4596003475238922 0.4869655891553702 0.45351867940920937 0.32533889468196037 0.43874891398783666 0.2575599582898853 0.4370112945264987 0.18039624608967675 0.4439617723718505 0.1480709071949948 0.4517810599478714 0.1334723670490094 0.4613379669852302 0.12721584984358708 0.48566463944396177 0.12825860271115747 0.5143353605560382 0.1334723670490094 0.524761077324066
3 0.3597497393117831 0.6194613379669852 0.3597497393117831 0.5890529973935708 0.34932221063607927 0.5881841876629018 0.3482794577685089 0.6177237185056472 0.3597497393117831 0.6194613379669852
3 0.7956204379562044 0.6611642050390965 0.7935349322210636 0.6724587315377932 0.8070907194994786 0.6750651607298002 0.8102189781021898 0.6707211120764552 0.8050052137643379 0.6602953953084274 0.7987486965589156 0.5933970460469157 0.7851929092805006 0.5951346655082537 0.7820646506777894 0.6038227628149435 0.7956204379562044 0.6611642050390965
3 0.16058394160583941 0.6611642050390965 0.15849843587069865 0.6533449174630755 0.1772679874869656 0.5638575152041703 0.16058394160583941 0.5621198957428323 0.15745568300312826 0.5673327541268461 0.14702815432742442 0.6620330147697654 0.16058394160583941 0.6611642050390965
3 0.6986444212721585 0.7254561251086011 0.694473409801877 0.7410947002606428 0.7059436913451512 0.7428323197219808 0.7132429614181439 0.7402258905299739 0.7090719499478624 0.7228496959165942 0.7142857142857143 0.6194613379669852 0.7101147028154328 0.6159860990443092 0.6923879040667362 0.6168549087749783 0.6903023983315955 0.6342311033883579 0.6986444212721585 0.7254561251086011
0 0.27007299270072993 0.33970460469157254 0.2867570385818561 0.4309296264118158 0.29927007299270075 0.43440486533449174 0.4880083420229406 0.4509122502172024 0.5870698644421273 0.4561251086012163 0.6757038581856101 0.46568201563857514 0.6923879040667362 0.46307558644656815 0.7685088633993744 0.41615986099044305 0.7831074035453598 0.4039965247610773 0.7956204379562044 0.38401390095569066 0.8342022940563086 0.33970460469157254 0.8571428571428572 0.32319721980886185 0.8738269030239834 0.3197219808861859 0.8790406673618353 0.32232841007819285 0.8873826903023984 0.31190269331016507 0.8873826903023984 0.30668983492615115 0.8769551616266945 0.2953953084274544 0.867570385818561 0.2936576889661164 0.8602711157455684 0.28583840139009553 0.8425443169968717 0.2788879235447437 0.7831074035453598 0.2684622067767159 0.6684045881126174 0.26151172893136404 0.6506777893639207 0.263249348392702 0.5818561001042754 0.25890529973935705 0.5474452554744526 0.26151172893136404 0.5391032325338895 0.25803649000868806 0.49113660062565173 0.25803649000868806 0.47549530761209596 0.262380538662033 0.4608967674661105 0.25803649000868806 0.4233576642335767 0.25890529973935705 0.40771637122002086 0.263249348392702 0.383733055265902 0.26151172893136404 0.34932221063607927 0.26498696785403997 0.3295099061522419 0.2728062554300608 0.30656934306569344 0.2719374456993918 0.25651720542231493 0.28583840139009553 0.2492179353493222 0.29278887923544744 0.27007299270072993 0.33970460469157254
2 0.6788321167883212 0.5447437011294526 0.6767466110531805 0.5534317984361424 0.6715328467153285 0.5569070373588184 0.662148070907195 0.5960034752389226 0.6694473409801878 0.6099044309296264 0.6819603753910324 0.6151172893136403 0.7413972888425443 0.6090356211989574 0.7789363920750783 0.5933970460469157 0.7966631908237748 0.5899218071242398 0.8206465067778936 0.577758470894874 0.8529718456725757 0.5534317984361424 0.872784150156413 0.523892267593397 0.8967674661105318 0.46915725456125107 0.9144942648592284 0.4039965247610773 0.9176225234619395 0.37098175499565594 0.9144942648592284 0.3414422241529105 0.9071949947862357 0.3205907906168549 0.8936392075078207 0.3006081668114683 0.8894681960375391 0.2997393570807993 0.8925964546402503 0.3101650738488271 0.8894681960375391 0.31798436142484793 0.8686131386861314 0.3197219808861859 0.854014598540146 0.3266724587315378 0.8206465067778936 0.35447437011294525 0.808133472367049 0.3727193744569939 0.8091762252346194 0.3779322328410078 0.7883211678832117 0.4039965247610773 0.7455683003128258 0.4352736750651607 0.7090719499478624 0.4526498696785404 0.6892596454640251 0.4674196350999131 0.6819603753910324 0.47523892267593393 0.667361835245047 0.5073848827106864 0.6704900938477582 0.5395308427454387 0.6788321167883212 0.5447437011294526
4 0.08759124087591241 0.47871416159860986 0.09697601668404589 0.49087749782797563 0.09489051094890512 0.49609035621198955 0.10218978102189781 0.5117289313640313 0.1105318039624609 0.5152041702867072 0.11157455683003129 0.525629887054735 0.1334723670490094 0.5464813205907906 0.12304483837330553 0.5125977410947002 0.1251303441084463 0.472632493483927 0.13138686131386862 0.4604691572545612 0.1543274244004171 0.4456993918331885 0.18561001042752867 0.4422241529105126 0.191866527632951 0.4370112945264987 0.20437956204379562 0.4352736750651607 0.21272158498435872 0.43788010425716767 0.23149113660062565 0.4361424847958297 0.2283628779979145 0.4092093831450912 0.21689259645464026 0.36924413553431795 0.19395203336809178 0.3353605560382276 0.17413972888425444 0.3310165073848827 0.16058394160583941 0.33796698523023455 0.16684045881126175 0.3457862728062554 0.16266944734098018 0.35621198957428324 0.15224191866527634 0.3605560382276281 0.13555787278415016 0.35968722849695917 0.13034410844629823 0.3622936576889661 0.09906152241918666 0.3970460469157254 0.08654848800834203 0.419635099913119 0.08342022940563087 0.4509122502172024 0.08759124087591241 0.47871416159860986
1 0.15224191866527634 0.5499565595134666 0.15224191866527634 0.5569070373588184 0.15954118873826903 0.5560382276281494 0.1835245046923879 0.5638575152041703 0.543274244004171 0.6090356211989574 0.6882168925964547 0.6159860990443092 0.6850886339937435 0.6116420503909643 0.6736183524504693 0.6125108601216334 0.6642335766423357 0.6081668114682884 0.6652763295099061 0.5907906168549087 0.6590198123044838 0.58123370981755 0.4848800834202294 0.5699391833188532 0.25443169968717416 0.5369244135534318 0.15745568300312826 0.526498696785404 0.13764337851929093 0.527367506516073 0.1386861313868613 0.5395308427454387 0.15224191866527634 0.5499565595134666
