0 0.24608967674661106 0.4578627280625543 0.2805005213764338 0.4578627280625543 0.35766423357664234 0.4674196350999131 0.7580813347236706 0.4839270199826238 0.7612095933263817 0.44830582102519545 0.7695516162669448 0.42745438748913983 0.7831074035453598 0.41615986099044305 0.794577685088634 0.4135534317984361 0.8852971845672576 0.40312771503040834 0.8884254431699687 0.36750651607298 0.886339937434828 0.35968722849695917 0.872784150156413 0.3449174630755864 0.8623566214807091 0.33796698523023455 0.8404588112617309 0.3344917463075586 0.5349322210636079 0.33796698523023455 0.42544316996871745 0.34404865334491747 0.40041710114702816 0.3423110338835795 0.28258602711157454 0.3466550825369244 0.2732012513034411 0.3518679409209383 0.26798748696558916 0.3605560382276281 0.2440041710114703 0.44743701129452645 0.2429614181438999 0.4561251086012163 0.24608967674661106 0.4578627280625543
6 0.08133472367049009 0.4465682015638575 0.08759124087591241 0.5308427454387489 0.09071949947862357 0.5343179843614249 0.1265203336809176 0.5386620330147698 0.13660062565172054 0.5508253692441355 0.14077163712200208 0.5960034752389226 0.14598540145985403 0.6029539530842745 0.15328467153284672 0.6003475238922675 0.1543274244004171 0.5951346655082537 0.15328467153284672 0.5560382276281494 0.16371220020855057 0.5430060816681147 0.30656934306569344 0.5551694178974804 0.310740354535975 0.5586446568201564 0.31178310740354537 0.5699391833188532 0.3159541188738269 0.5716768027801911 0.32116788321167883 0.5673327541268461 0.32012513034410844 0.5621198957428323 0.3284671532846715 0.5560382276281494 0.4994786235662148 0.5708079930495221 0.5057351407716372 0.5725456125108601 0.5088633993743483 0.5925282363162467 0.5140771637122002 0.5951346655082537 0.5224191866527633 0.5942658557775847 0.5213764337851929 0.5881841876629018 0.529718456725756 0.5742832319721981 0.6631908237747653 0.5847089487402258 0.6757038581856101 0.5907906168549087 0.6788321167883212 0.6611642050390965 0.6882168925964547 0.6655082536924413 0.6934306569343066 0.6611642050390965 0.6955161626694474 0.6507384882710686 0.7017726798748697 0.5890529973935708 0.7361835245046924 0.5899218071242398 0.7622523461939521 0.5855777584708949 0.7825860271115745 0.5899218071242398 0.7966631908237748 0.6003475238922675 0.7977059436913452 0.6159860990443092 0.8070907194994786 0.6177237185056472 0.8164754953076121 0.5829713292788878 0.9019812304483837 0.5551694178974804 0.9155370177267987 0.5447437011294526 0.9165797705943691 0.4248479582971329 0.9103232533889468 0.4100781928757602 0.8952033368091763 0.40573414422241527 0.886339937434828 0.3979148566463944 0.8894681960375391 0.3814074717636837 0.886339937434828 0.35881841876629017 0.867570385818561 0.3405734144222415 0.859228362877998 0.33709817549956556 0.8394160583941606 0.3344917463075586 0.6120959332638165 0.3362293657688966 0.2898852971845673 0.3449174630755864 0.2721584984358707 0.3518679409209383 0.25651720542231493 0.39617723718505643 0.2440041710114703 0.40052128583840135 0.09801876955161627 0.40660295395308427 0.08446298227320126 0.4135534317984361 0.08133472367049009 0.41876629018245004 0.08133472367049009 0.4465682015638575
4 0.0886339937434828 0.5325803649000869 0.09697601668404589 0.5343179843614249 0.10844629822732013 0.525629887054735 0.10740354535974975 0.5082536924413553 0.09697601668404589 0.4995655951346655 0.09697601668404589 0.4874022589052997 0.10114702815432743 0.48218940052128584 0.12930135557872785 0.473501303214596 0.23879040667361837 0.4622067767158992 0.251303441084463 0.40052128583840135 0.09697601668404589 0.40660295395308427 0.08759124087591241 0.4092093831450912 0.08237747653806048 0.4152910512597741 0.08550573514077164 0.522154648132059 0.0886339937434828 0.5325803649000869
2 0.767466110531804 0.5881841876629018 0.7890166840458812 0.5899218071242398 0.7966631908237748 0.5977410947002606 0.7977059436913452 0.6133796698523023 0.8050052137643379 0.6168549087749783 0.8102189781021898 0.6107732406602954 0.8143899895724713 0.5838401390095569 0.9040667361835245 0.5543006081668115 0.9155370177267987 0.5464813205907906 0.9186652763295099 0.4517810599478714 0.9144942648592284 0.41702867072111205 0.9124087591240876 0.41181581233709813 0.9019812304483837 0.40573414422241527 0.8738269030239834 0.40573414422241527 0.786235662148071 0.41615986099044305 0.767466110531804 0.43179843614248475 0.7622523461939521 0.4526498696785404 0.7612095933263817 0.5829713292788878 0.767466110531804 0.5881841876629018
3 0.31908237747653806 0.5725456125108601 0.32116788321167883 0.5569070373588184 0.310740354535975 0.5560382276281494 0.310740354535975 0.5708079930495221 0.31908237747653806 0.5725456125108601
3 0.5224191866527633 0.5960034752389226 0.5224191866527633 0.5742832319721981 0.5088633993743483 0.5725456125108601 0.5088633993743483 0.5942658557775847 0.5224191866527633 0.5960034752389226
3 0.8070907194994786 0.6185925282363162 0.8102189781021898 0.6151172893136403 0.8112617309697602 0.5881841876629018 0.7966631908237748 0.5907906168549087 0.7966631908237748 0.6159860990443092 0.8070907194994786 0.6185925282363162
3 0.14702815432742442 0.6038227628149435 0.1543274244004171 0.5986099044309295 0.1553701772679875 0.5473501303214595 0.15328467153284672 0.5421372719374457 0.13555787278415016 0.5412684622067767 0.14077163712200208 0.5977410947002606 0.14702815432742442 0.6038227628149435
3 0.6882168925964547 0.6663770634231103 0.694473409801877 0.6620330147697654 0.6996871741397289 0.5899218071242398 0.6767466110531805 0.5873153779322328 0.6788321167883212 0.6620330147697654 0.6882168925964547 0.6663770634231103
5 0.1032325338894682 0.49435273675065156 0.1105318039624609 0.5004344048653344 0.10844629822732013 0.5360556038227627 0.11157455683003129 0.5369244135534318 0.667361835245047 0.5855777584708949 0.7403545359749739 0.5890529973935708 0.7580813347236706 0.5847089487402258 0.7580813347236706 0.5004344048653344 0.7528675703858185 0.4874022589052997 0.3753910323253389 0.46915725456125107 0.3284671532846715 0.46915725456125107 0.3232533889468196 0.473501303214596 0.2898852971845673 0.48045178105994785 0.2794577685088634 0.4882710686359687 0.264859228362878 0.49087749782797563 0.23461939520333683 0.4865334491746307 0.12721584984358708 0.48479582971329277 0.11470281543274244 0.48045178105994785 0.10531803962460896 0.4830582102519548 0.10218978102189781 0.4874022589052997 0.1032325338894682 0.49435273675065156
