6 0.0959332638164755 0.5160729800173761 0.12408759124087591 0.5447437011294526 0.14494264859228365 0.5560382276281494 0.18039624608967675 0.5664639443961772 0.1835245046923879 0.573414422241529 0.15745568300312826 0.681146828844483 0.15954118873826903 0.6933101650738488 0.16892596454640252 0.6933101650738488 0.17518248175182483 0.6889661164205039 0.19708029197080293 0.6255430060816681 0.6652763295099061 0.6959165942658557 0.6819603753910324 0.7680278019113813 0.6892596454640251 0.7758470894874022 0.7028154327424401 0.7758470894874022 0.7059436913451512 0.7628149435273675 0.6840458811261731 0.6012163336229366 0.6871741397288843 0.5899218071242398 0.7413972888425443 0.577758470894874 0.7747653806047967 0.573414422241529 0.7841501564129302 0.576020851433536 0.8446298227320125 0.7028670721112076 0.8550573514077164 0.7063423110338836 0.8633993743482795 0.7037358818418766 0.8196037539103233 0.577758470894874 0.8227320125130344 0.5664639443961772 0.8561001042752868 0.5569070373588184 0.8759124087591241 0.5369244135534318 0.8894681960375391 0.5091225021720243 0.9019812304483837 0.4665508253692441 0.9124087591240876 0.41615986099044305 0.9165797705943691 0.29278887923544744 0.913451511991658 0.24847958297132927 0.9071949947862357 0.2354474370112945 0.8967674661105318 0.22762814943527365 0.8602711157455684 0.22328410078192876 0.4994786235662148 0.2554300608166811 0.4494264859228363 0.263249348392702 0.43169968717413976 0.2693310165073849 0.4129301355578728 0.2841007819287576 0.3743482794577685 0.35881841876629017 0.3461939520333681 0.39009556907037357 0.3180396246089677 0.40052128583840135 0.29197080291970806 0.3979148566463944 0.25547445255474455 0.38748913987836664 0.12825860271115747 0.3918331885317115 0.10948905109489052 0.3987836663770634 0.09489051094890512 0.4092093831450912 0.08550573514077164 0.4283231972198088 0.08133472367049009 0.4674196350999131 0.0959332638164755 0.5160729800173761
0 0.33680917622523465 0.44917463075586445 0.4921793534932221 0.45438748913987836 0.6611053180396246 0.45351867940920937 0.6986444212721585 0.4561251086012163 0.708029197080292 0.44830582102519545 0.7257559958289885 0.4048653344917463 0.7455683003128258 0.3822762814943527 0.7685088633993744 0.37098175499565594 0.835245046923879 0.366637706342311 0.8498435870698645 0.36750651607298 0.8623566214807091 0.3770634231103388 0.8779979144942649 0.3814074717636837 0.8905109489051095 0.3979148566463944 0.8884254431699687 0.4248479582971329 0.8957247132429614 0.419635099913119 0.9071949947862357 0.42224152910512597 0.9040667361835245 0.41789748045178104 0.9103232533889468 0.4083405734144222 0.9155370177267987 0.2728062554300608 0.9113660062565172 0.24413553431798435 0.894681960375391 0.22675933970460468 0.854014598540146 0.22328410078192876 0.5109489051094891 0.25456125108601213 0.44421272158498437 0.26498696785403997 0.42231491136600624 0.27541268462206775 0.40771637122002086 0.29105125977410945 0.37122002085505734 0.3640312771503041 0.34410844629822734 0.3927019982623805 0.3461939520333681 0.4048653344917463 0.3399374348279458 0.41702867072111205 0.3472367049009385 0.4404865334491746 0.33680917622523465 0.44917463075586445
5 0.11157455683003129 0.5004344048653344 0.12721584984358708 0.5152041702867072 0.17518248175182483 0.5282363162467419 0.40145985401459855 0.5482189400521286 0.570385818561001 0.5543006081668115 0.616266944734098 0.5499565595134666 0.6454640250260688 0.5403996524761077 0.6819603753910324 0.4986967854039965 0.6996871741397289 0.4596003475238922 0.6329509906152242 0.4552562988705473 0.5328467153284672 0.4569939183318853 0.2638164754953076 0.4526498696785404 0.14494264859228365 0.4604691572545612 0.13034410844629823 0.46394439617723715 0.12095933263816476 0.4596003475238922 0.09906152241918666 0.47523892267593393 0.09906152241918666 0.49695916594265854 0.11157455683003129 0.5004344048653344
1 0.1397288842544317 0.5534317984361424 0.1710114702815433 0.5647263249348392 0.21689259645464026 0.5725456125108601 0.5370177267987487 0.5994787141615986 0.6329509906152242 0.5986099044309295 0.6840458811261731 0.5881841876629018 0.6642335766423357 0.5864465682015638 0.6402502606882169 0.5664639443961772 0.6381647549530761 0.5612510860121633 0.6475495307612096 0.5464813205907906 0.5912408759124088 0.5560382276281494 0.47758081334723673 0.5560382276281494 0.23774765380604798 0.5377932232841007 0.18248175182481752 0.5317115551694178 0.1334723670490094 0.520417028670721 0.12095933263816476 0.5291051259774109 0.11887382690302399 0.5395308427454387 0.1397288842544317 0.5534317984361424
2 0.6600625651720542 0.5317115551694178 0.635036496350365 0.5499565595134666 0.6454640250260688 0.575152041702867 0.6444212721584984 0.58123370981755 0.6527632950990615 0.5942658557775847 0.7340980187695516 0.578627280625543 0.8133472367049009 0.5690703735881841 0.8435870698644421 0.5612510860121633 0.8623566214807091 0.5516941789748044 0.886339937434828 0.5152041702867072 0.8988529718456726 0.47437011294526493 0.8936392075078207 0.4517810599478714 0.9019812304483837 0.43874891398783666 0.8988529718456726 0.4309296264118158 0.9030239833159541 0.42745438748913983 0.899895724713243 0.4039965247610773 0.8832116788321168 0.38748913987836664 0.8467153284671534 0.36837532580364896 0.7956204379562044 0.36837532580364896 0.759124087591241 0.37532580364900087 0.7393117831074035 0.3883579496090356 0.7299270072992701 0.40052128583840135 0.6830031282586028 0.5013032145960035 0.6600625651720542 0.5317115551694178
4 0.08759124087591241 0.49435273675065156 0.09906152241918666 0.5186794092093832 0.10844629822732013 0.5308427454387489 0.11678832116788321 0.5351867940920938 0.12095933263816476 0.525629887054735 0.13660062565172054 0.5152041702867072 0.1261730969760167 0.5152041702867072 0.11887382690302399 0.5039096437880104 0.10427528675703858 0.49782797567332754 0.10218978102189781 0.4882710686359687 0.10740354535974975 0.471763683753258 0.11261730969760167 0.4682884448305821 0.1480709071949948 0.45873153779322323 0.33263816475495306 0.44917463075586445 0.3315954118873827 0.4465682015638575 0.34306569343065696 0.4422241529105126 0.3420229405630866 0.40660295395308427 0.3347236704900939 0.39965247610773236 0.29718456725756 0.3987836663770634 0.26068821689259647 0.38748913987836664 0.132429614181439 0.39096437880104257 0.11157455683003129 0.3970460469157254 0.09801876955161627 0.40573414422241527 0.0886339937434828 0.41789748045178104 0.08237747653806048 0.4448305821025195 0.08237747653806048 0.47002606429192006 0.08759124087591241 0.49435273675065156
3 0.40771637122002086 0.6507384882710686 0.4118873826903024 0.6550825369244135 0.4191866527632951 0.6550825369244135 0.4233576642335767 0.6516072980017376 0.42127215849843586 0.5951346655082537 0.4181438998957247 0.5916594265855777 0.40145985401459855 0.5899218071242398 0.3993743482794578 0.5951346655082537 0.40771637122002086 0.6507384882710686
3 0.1710114702815433 0.6933101650738488 0.17518248175182483 0.6898349261511728 0.21063607924921793 0.5864465682015638 0.21167883211678834 0.573414422241529 0.1845672575599583 0.5699391833188532 0.15745568300312826 0.682015638575152 0.15745568300312826 0.6933101650738488 0.1710114702815433 0.6933101650738488
3 0.799791449426486 0.6090356211989574 0.8446298227320125 0.7028670721112076 0.8508863399374349 0.7063423110338836 0.8623566214807091 0.7063423110338836 0.8623566214807091 0.6941789748045177 0.8175182481751825 0.5708079930495221 0.7883211678832117 0.5742832319721981 0.7872784150156413 0.579496090356212 0.799791449426486 0.6090356211989574
3 0.6465067778936392 0.6099044309296264 0.6840458811261731 0.7723718505647262 0.6882168925964547 0.7758470894874022 0.7038581856100105 0.7758470894874022 0.7069864442127216 0.7671589921807124 0.6840458811261731 0.5960034752389226 0.6819603753910324 0.5925282363162467 0.6746611053180397 0.5925282363162467 0.64859228362878 0.5986099044309295 0.6454640250260688 0.6012163336229366 0.6465067778936392 0.6099044309296264
