6 0.08759124087591241 0.4882710686359687 0.09489051094890512 0.5082536924413553 0.10844629822732013 0.5282363162467419 0.1334723670490094 0.5490877497827975 0.15015641293013557 0.5569070373588184 0.18665276329509906 0.5664639443961772 0.1991657977059437 0.58123370981755 0.16475495307612095 0.6907037358818419 0.17413972888425444 0.6915725456125108 0.17413972888425444 0.682015638575152 0.20020855057351408 0.6133796698523023 0.6871741397288843 0.7124239791485665 0.6955161626694474 0.7515204170286707 0.6934306569343066 0.7654213727193744 0.7028154327424401 0.7688966116420504 0.7069864442127216 0.7645525629887054 0.7028154327424401 0.7567332754126845 0.6892596454640251 0.63249348392702 0.6882168925964547 0.6055603822762815 0.6934306569343066 0.6012163336229366 0.7278415015641293 0.5960034752389226 0.7987486965589156 0.577758470894874 0.8112617309697602 0.578627280625543 0.8561001042752868 0.6976542137271937 0.8550573514077164 0.7063423110338836 0.8633993743482795 0.7063423110338836 0.8248175182481752 0.577758470894874 0.8362877997914494 0.5682015638575152 0.8571428571428572 0.5586446568201564 0.8696558915537018 0.5473501303214595 0.8842544316996872 0.522154648132059 0.899895724713243 0.48132059079061684 0.9103232533889468 0.4239791485664639 0.9176225234619395 0.2710686359687228 0.9071949947862357 0.2502172024326672 0.8925964546402503 0.24066029539530842 0.8467153284671534 0.23284100781928757 0.5349322210636079 0.23284100781928757 0.45985401459854014 0.2354474370112945 0.43169968717413976 0.23979148566463943 0.4171011470281543 0.24413553431798435 0.40250260688216893 0.2571676802780191 0.36287799791449427 0.3449174630755864 0.34932221063607927 0.365768896611642 0.3315954118873827 0.3831450912250217 0.31386861313868614 0.39009556907037357 0.29927007299270075 0.39096437880104257 0.2857142857142857 0.39009556907037357 0.264859228362878 0.3796698523023458 0.24191866527632952 0.3761946133796698 0.14077163712200208 0.38401390095569066 0.11574556830031282 0.39096437880104257 0.1032325338894682 0.3987836663770634 0.08967674661105318 0.4126846220677671 0.08237747653806048 0.43179843614248475 0.08133472367049009 0.45438748913987836 0.08759124087591241 0.4882710686359687
0 0.3336809176225235 0.3831450912250217 0.35036496350364965 0.4144222415291051 0.3597497393117831 0.4439617723718505 0.7340980187695516 0.4665508253692441 0.7445255474452555 0.4396177237185056 0.7622523461939521 0.41789748045178104 0.7799791449426486 0.4092093831450912 0.8331595411887383 0.39617723718505643 0.845672575599583 0.39617723718505643 0.8832116788321168 0.4144222415291051 0.8925964546402503 0.4152910512597741 0.9071949947862357 0.44309296264118153 0.9165797705943691 0.27715030408340574 0.9144942648592284 0.263249348392702 0.9071949947862357 0.2510860121633362 0.8915537017726799 0.24066029539530842 0.8529718456725757 0.23370981754995654 0.7799791449426486 0.2311033883579496 0.46611053180396245 0.2354474370112945 0.4181438998957247 0.24413553431798435 0.40667361835245047 0.2528236316246742 0.3962460896767466 0.2675933970460469 0.35766423357664234 0.35447437011294525 0.3336809176225235 0.3831450912250217
5 0.12930135557872785 0.5047784535186793 0.1386861313868613 0.5160729800173761 0.12930135557872785 0.5395308427454387 0.15328467153284672 0.5360556038227627 0.16579770594369134 0.5534317984361424 0.15954118873826903 0.5569070373588184 0.22002085505735142 0.5725456125108601 0.25547445255474455 0.5742832319721981 0.26068821689259647 0.5682015638575152 0.3305526590198123 0.5847089487402258 0.43274244004171014 0.5942658557775847 0.4619395203336809 0.5933970460469157 0.4640250260688217 0.5986099044309295 0.5255474452554745 0.6046915725456125 0.6141814389989573 0.6064291920069504 0.6412930135557873 0.6055603822762815 0.6496350364963503 0.5899218071242398 0.6538060479666319 0.5916594265855777 0.6558915537017727 0.5864465682015638 0.6725755995828989 0.58123370981755 0.6663190823774765 0.5708079930495221 0.6913451511991658 0.5508253692441355 0.7059436913451512 0.5317115551694178 0.7330552659019812 0.473501303214596 0.7236704900938478 0.4674196350999131 0.3472367049009385 0.4465682015638575 0.2721584984358707 0.45004344048653344 0.1981230448383733 0.4604691572545612 0.1480709071949948 0.45873153779322323 0.13764337851929093 0.472632493483927 0.12825860271115747 0.473501303214596 0.1251303441084463 0.47958297132927885 0.1261730969760167 0.5056472632493484 0.12930135557872785 0.5047784535186793
2 0.6788321167883212 0.5829713292788878 0.6663190823774765 0.5847089487402258 0.6663190823774765 0.5951346655082537 0.6767466110531805 0.5960034752389226 0.6798748696558916 0.5933970460469157 0.6986444212721585 0.5986099044309295 0.7299270072992701 0.5951346655082537 0.794577685088634 0.579496090356212 0.8550573514077164 0.5603822762814943 0.8769551616266945 0.5360556038227627 0.9009384775808134 0.4778453518679409 0.9051094890510949 0.44830582102519545 0.8988529718456726 0.4248479582971329 0.8915537017726799 0.41789748045178104 0.8425443169968717 0.3970460469157254 0.7872784150156413 0.4083405734144222 0.7643378519290929 0.41789748045178104 0.7466110531803962 0.43874891398783666 0.7320125130344108 0.48479582971329277 0.7049009384775808 0.5403996524761077 0.6767466110531805 0.5638575152041703 0.6746611053180397 0.5708079930495221 0.6788321167883212 0.5829713292788878
4 0.09176225234619395 0.4986967854039965 0.10218978102189781 0.5186794092093832 0.12304483837330553 0.5395308427454387 0.13660062565172054 0.5299739357080799 0.13660062565172054 0.523892267593397 0.14598540145985403 0.5152041702867072 0.13660062565172054 0.5108601216333623 0.13660062565172054 0.5013032145960035 0.12721584984358708 0.5013032145960035 0.12200208550573514 0.48957428323197216 0.12408759124087591 0.48045178105994785 0.13451511991657977 0.473501303214596 0.16058394160583941 0.46481320590790615 0.1991657977059437 0.4578627280625543 0.3086548488008342 0.4465682015638575 0.3482794577685089 0.4456993918331885 0.3534932221063608 0.4422241529105126 0.34410844629822734 0.4074717636837532 0.3305526590198123 0.38748913987836664 0.2909280500521377 0.3892267593397046 0.251303441084463 0.3761946133796698 0.1710114702815433 0.38053866203301473 0.11991657977059438 0.3892267593397046 0.09384775808133472 0.40660295395308427 0.08342022940563087 0.4291920069504778 0.08342022940563087 0.46568201563857514 0.09176225234619395 0.4986967854039965
3 0.38790406673618355 0.6507384882710686 0.3920750782064651 0.6516072980017376 0.3983315954118874 0.6507384882710686 0.39416058394160586 0.5942658557775847 0.38686131386861317 0.5942658557775847 0.38790406673618355 0.6507384882710686
3 0.16475495307612095 0.6933101650738488 0.17518248175182483 0.6924413553431799 0.18039624608967675 0.6672458731537793 0.21272158498435872 0.5742832319721981 0.20125130344108447 0.573414422241529 0.19603753910323254 0.5855777584708949 0.16266944734098018 0.6889661164205039 0.16475495307612095 0.6933101650738488
3 0.854014598540146 0.6933101650738488 0.8529718456725757 0.7063423110338836 0.8633993743482795 0.7072111207645525 0.8654848800834203 0.7046046915725456 0.8269030239833159 0.58123370981755 0.821689259645464 0.5742832319721981 0.8133472367049009 0.576020851433536 0.8133472367049009 0.5873153779322328 0.854014598540146 0.6933101650738488
3 0.6955161626694474 0.7515204170286707 0.6923879040667362 0.7654213727193744 0.7038581856100105 0.7697654213727193 0.708029197080292 0.7645525629887054 0.6882168925964547 0.6099044309296264 0.6850886339937435 0.6046915725456125 0.6746611053180397 0.6064291920069504 0.6725755995828989 0.6142484795829712 0.6955161626694474 0.7515204170286707
1 0.14285714285714285 0.5534317984361424 0.22002085505735142 0.576020851433536 0.5724713242961418 0.6099044309296264 0.6371220020855057 0.6090356211989574 0.6976016684045881 0.5986099044309295 0.6715328467153285 0.5673327541268461 0.6006256517205423 0.5725456125108601 0.5036496350364964 0.5682015638575152 0.251303441084463 0.5447437011294526 0.1845672575599583 0.5343179843614249 0.1543274244004171 0.525629887054735 0.14702815432742442 0.527367506516073 0.14389989572471323 0.524761077324066 0.13660062565172054 0.5325803649000869 0.1261730969760167 0.5325803649000869 0.1261730969760167 0.5438748913987836 0.14285714285714285 0.5534317984361424
