5 0.12930135557872785 0.5065160729800173 0.616266944734098 0.5377932232841007 0.6538060479666319 0.5360556038227627 0.662148070907195 0.5291051259774109 0.662148070907195 0.4569939183318853 0.6538060479666319 0.4526498696785404 0.6152241918665277 0.45873153779322323 0.589155370177268 0.44743701129452645 0.529718456725756 0.4456993918331885 0.20750782064650677 0.44917463075586445 0.13451511991657977 0.45351867940920937 0.11366006256517205 0.4604691572545612 0.10636079249217936 0.472632493483927 0.1105318039624609 0.4995655951346655 0.12930135557872785 0.5065160729800173
0 0.27424400417101147 0.3761946133796698 0.29718456725756 0.4439617723718505 0.5078206465067779 0.4439617723718505 0.6058394160583942 0.44830582102519545 0.6141814389989573 0.43440486533449174 0.6465067778936392 0.34404865334491747 0.5912408759124088 0.3457862728062554 0.28884254431699685 0.37011294526498695 0.28258602711157454 0.3761946133796698 0.27424400417101147 0.3761946133796698
6 0.08550573514077164 0.5430060816681147 0.09176225234619395 0.5456125108601216 0.10531803962460896 0.576889661164205 0.10740354535974975 0.5907906168549087 0.11157455683003129 0.5933970460469157 0.1178310740354536 0.5890529973935708 0.12408759124087591 0.5577758470894874 0.1334723670490094 0.5499565595134666 0.48383733055265904 0.5942658557775847 0.7038581856100105 0.6168549087749783 0.7132429614181439 0.6211989574283232 0.7132429614181439 0.6429192006950477 0.7194994786235662 0.6507384882710686 0.7247132429614181 0.6941789748045177 0.735140771637122 0.6993918331885317 0.7413972888425443 0.6976542137271937 0.7445255474452555 0.6915725456125108 0.7466110531803962 0.6550825369244135 0.7539103232533889 0.6411815812337098 0.7518248175182481 0.6238053866203301 0.7549530761209593 0.6177237185056472 0.767466110531804 0.6159860990443092 0.8571428571428572 0.5838401390095569 0.8644421272158499 0.5873153779322328 0.8706986444212722 0.5977410947002606 0.8748696558915537 0.629018245004344 0.8832116788321168 0.6316246741963509 0.8957247132429614 0.576020851433536 0.9009384775808134 0.5690703735881841 0.9155370177267987 0.5638575152041703 0.913451511991658 0.3953084274543875 0.9176225234619395 0.3414422241529105 0.9040667361835245 0.3292788879235447 0.8519290928050053 0.314509122502172 0.7705943691345152 0.3032145960034752 0.7247132429614181 0.3006081668114683 0.6715328467153285 0.32145960034752386 0.6548488008342023 0.3414422241529105 0.6454640250260688 0.3449174630755864 0.6360792492179353 0.34317984361424847 0.31282586027111575 0.36837532580364896 0.10636079249217936 0.3622936576889661 0.09071949947862357 0.36490008688097303 0.08133472367049009 0.38053866203301473 0.08133472367049009 0.522154648132059 0.08550573514077164 0.5430060816681147
1 0.7507820646506778 0.6229365768896611 0.7518248175182481 0.6142484795829712 0.721584984358707 0.578627280625543 0.7205422314911366 0.5708079930495221 0.7090719499478624 0.5725456125108601 0.7023451716453004 0.5685422735558168 0.6996871741397289 0.573414422241529 0.6892596454640251 0.5742832319721981 0.6767466110531805 0.5577758470894874 0.6652763295099061 0.5543006081668115 0.6579770594369134 0.5386620330147698 0.6110531803962461 0.5395308427454387 0.40145985401459855 0.522154648132059 0.12095933263816476 0.5056472632493484 0.11366006256517205 0.5065160729800173 0.10427528675703858 0.5152041702867072 0.08654848800834203 0.5430060816681147 0.09906152241918666 0.5464813205907906 0.3420229405630866 0.577758470894874 0.7507820646506778 0.6229365768896611
2 0.667361835245047 0.5473501303214595 0.6736183524504693 0.5534317984361424 0.6777893639207508 0.5516941789748044 0.6955161626694474 0.5673327541268461 0.7278415015641293 0.5690703735881841 0.7361835245046924 0.579496090356212 0.7330552659019812 0.5847089487402258 0.7372262773722628 0.5899218071242398 0.7340980187695516 0.6055603822762815 0.7372262773722628 0.6194613379669852 0.7664233576642336 0.6159860990443092 0.9144942648592284 0.5647263249348392 0.9155370177267987 0.33796698523023455 0.8894681960375391 0.32406602953953084 0.799791449426486 0.30668983492615115 0.7372262773722628 0.3006081668114683 0.7017726798748697 0.30668983492615115 0.6882168925964547 0.31624674196351 0.6798748696558916 0.3344917463075586 0.6725755995828989 0.37532580364900087 0.6652763295099061 0.473501303214596 0.6642335766423357 0.5395308427454387 0.667361835245047 0.5473501303214595
4 0.16475495307612095 0.37185056472632494 0.21793534932221065 0.37532580364900087 0.23879040667361837 0.3796698523023458 0.24087591240875914 0.3831450912250217 0.251303441084463 0.3761946133796698 0.28362877997914493 0.38053866203301473 0.28362877997914493 0.3761946133796698 0.29197080291970806 0.37011294526498695 0.27424400417101147 0.365768896611642 0.1543274244004171 0.36490008688097303 0.1543274244004171 0.36924413553431795 0.16475495307612095 0.37185056472632494
4 0.08446298227320126 0.5403996524761077 0.08967674661105318 0.5430060816681147 0.09906152241918666 0.5395308427454387 0.1105318039624609 0.5082536924413553 0.10427528675703858 0.48479582971329277 0.10636079249217936 0.46568201563857514 0.11261730969760167 0.45873153779322323 0.1334723670490094 0.4509122502172024 0.13660062565172054 0.43179843614248475 0.12304483837330553 0.37445699391833187 0.1251303441084463 0.3631624674196351 0.09071949947862357 0.36490008688097303 0.08237747653806048 0.37532580364900087 0.08237747653806048 0.525629887054735 0.08446298227320126 0.5403996524761077
3 0.10531803962460896 0.5673327541268461 0.10844629822732013 0.5925282363162467 0.11261730969760167 0.5933970460469157 0.11887382690302399 0.5881841876629018 0.12408759124087591 0.5534317984361424 0.1178310740354536 0.5499565595134666 0.10218978102189781 0.5499565595134666 0.10010427528675704 0.5595134665508253 0.10531803962460896 0.5673327541268461
3 0.8696558915537018 0.5942658557775847 0.872784150156413 0.627280625543006 0.8759124087591241 0.6316246741963509 0.8832116788321168 0.63249348392702 0.8884254431699687 0.6281494352736751 0.8894681960375391 0.6055603822762815 0.8967674661105318 0.579496090356212 0.8936392075078207 0.5742832319721981 0.8884254431699687 0.5742832319721981 0.8654848800834203 0.5821025195482189 0.8633993743482795 0.5855777584708949 0.8696558915537018 0.5942658557775847
3 0.7205422314911366 0.655516941789748 0.7257559958289885 0.6967854039965247 0.7382690302398331 0.7002606429192006 0.7445255474452555 0.6924413553431799 0.7466110531803962 0.6576889661164205 0.7549530761209593 0.6394439617723718 0.7539103232533889 0.629018245004344 0.7476538060479666 0.6238053866203301 0.721584984358707 0.6203301476976542 0.7163712200208551 0.6211989574283232 0.7122002085505735 0.6281494352736751 0.7122002085505735 0.6403127715030408 0.7205422314911366 0.655516941789748
