6 0.09280500521376434 0.5508253692441355 0.10218978102189781 0.575152041702867 0.10948905109489052 0.5821025195482189 0.1397288842544317 0.5855777584708949 0.1480709071949948 0.5933970460469157 0.14389989572471323 0.6264118158123371 0.14389989572471323 0.6542137271937445 0.14702815432742442 0.6568201563857515 0.16266944734098018 0.6576889661164205 0.16788321167883213 0.6542137271937445 0.17518248175182483 0.5942658557775847 0.1835245046923879 0.5899218071242398 0.2586027111574557 0.5933970460469157 0.3587069864442127 0.6038227628149435 0.3680917622523462 0.6081668114682884 0.3660062565172054 0.6264118158123371 0.3743482794577685 0.630755864465682 0.38686131386861317 0.6264118158123371 0.3858185610010428 0.6185925282363162 0.3962460896767466 0.6072980017376194 0.40771637122002086 0.6072980017376194 0.42127215849843586 0.6107732406602954 0.6757038581856101 0.63249348392702 0.7017726798748697 0.7298001737619461 0.7090719499478624 0.73501303214596 0.7184567257559958 0.73501303214596 0.7372262773722628 0.7271937445699391 0.7267987486965589 0.681146828844483 0.8091762252346194 0.6655082536924413 0.8164754953076121 0.6759339704604691 0.8331595411887383 0.6750651607298002 0.8383733055265902 0.6689834926151172 0.8342022940563086 0.6420503909643788 0.8279457768508863 0.6359687228496959 0.8258602711157456 0.6055603822762815 0.8498435870698645 0.5986099044309295 0.8613138686131387 0.5838401390095569 0.9030239833159541 0.3953084274543875 0.9165797705943691 0.3249348392701998 0.9176225234619395 0.3006081668114683 0.9124087591240876 0.29018245004344045 0.8957247132429614 0.27628149435273675 0.8759124087591241 0.2684622067767159 0.854014598540146 0.26498696785403997 0.7799791449426486 0.263249348392702 0.5901981230448384 0.27628149435273675 0.49009384775808135 0.28583840139009553 0.4181438998957247 0.2980017376194613 0.37643378519290926 0.3101650738488271 0.28154327424400416 0.3501303214596003 0.10844629822732013 0.3501303214596003 0.09697601668404589 0.3518679409209383 0.08133472367049009 0.36924413553431795 0.08133472367049009 0.43874891398783666 0.09280500521376434 0.5508253692441355
0 0.2961418143899896 0.3501303214596003 0.3086548488008342 0.3735881841876629 0.3159541188738269 0.4248479582971329 0.32012513034410844 0.4283231972198088 0.6746611053180397 0.42745438748913983 0.6798748696558916 0.42137271937445697 0.6882168925964547 0.34839270199826233 0.6934306569343066 0.3362293657688966 0.7059436913451512 0.32232841007819285 0.7267987486965589 0.31624674196351 0.7559958289885297 0.31624674196351 0.7612095933263817 0.3197219808861859 0.7747653806047967 0.3205907906168549 0.8415015641293013 0.32232841007819285 0.8894681960375391 0.3197219808861859 0.8936392075078207 0.32319721980886185 0.9030239833159541 0.31190269331016507 0.9144942648592284 0.32232841007819285 0.9165797705943691 0.30668983492615115 0.9144942648592284 0.2945264986967854 0.9040667361835245 0.2823631624674196 0.8717413972888426 0.2684622067767159 0.8112617309697602 0.26411815812337097 0.7028154327424401 0.2684622067767159 0.4494264859228363 0.29192006950477845 0.3785192909280501 0.3101650738488271 0.29718456725756 0.3449174630755864 0.29197080291970806 0.34839270199826233 0.2961418143899896 0.3501303214596003
5 0.1334723670490094 0.5056472632493484 0.15328467153284672 0.5108601216333623 0.33315954118873825 0.5169417897480452 0.6454640250260688 0.5343179843614249 0.6715328467153285 0.5325803649000869 0.6788321167883212 0.5056472632493484 0.6757038581856101 0.4839270199826238 0.6788321167883212 0.4352736750651607 0.6715328467153285 0.4291920069504778 0.1845672575599583 0.43266724587315375 0.14598540145985403 0.4361424847958297 0.13034410844629823 0.4439617723718505 0.12408759124087591 0.4526498696785404 0.1251303441084463 0.49695916594265854 0.1334723670490094 0.5056472632493484
1 0.13034410844629823 0.5534317984361424 0.13138686131386862 0.5647263249348392 0.11470281543274244 0.5708079930495221 0.1105318039624609 0.578627280625543 0.11366006256517205 0.5821025195482189 0.5745568300312826 0.6246741963509991 0.6725755995828989 0.630755864465682 0.6631908237747653 0.5977410947002606 0.6684045881126174 0.5708079930495221 0.6631908237747653 0.5595134665508253 0.6663190823774765 0.5430060816681147 0.6538060479666319 0.5369244135534318 0.46611053180396245 0.524761077324066 0.20959332638164754 0.5143353605560382 0.12930135557872785 0.5143353605560382 0.12200208550573514 0.522154648132059 0.12408759124087591 0.5499565595134666 0.13034410844629823 0.5534317984361424
2 0.6704900938477582 0.6220677671589921 0.6777893639207508 0.6316246741963509 0.7288842544316997 0.6350999131190269 0.8258602711157456 0.6064291920069504 0.8550573514077164 0.5933970460469157 0.8654848800834203 0.5629887054735012 0.8936392075078207 0.43788010425716767 0.9113660062565172 0.3466550825369244 0.9113660062565172 0.32319721980886185 0.8988529718456726 0.3205907906168549 0.8884254431699687 0.3258036490008688 0.8696558915537018 0.32232841007819285 0.8300312825860271 0.3249348392701998 0.7382690302398331 0.31711555169417893 0.7142857142857143 0.3205907906168549 0.6986444212721585 0.3310165073848827 0.6882168925964547 0.35881841876629017 0.6819603753910324 0.4135534317984361 0.6788321167883212 0.5299739357080799 0.6663190823774765 0.5569070373588184 0.6663190823774765 0.6055603822762815 0.6704900938477582 0.6220677671589921
4 0.09280500521376434 0.5456125108601216 0.10531803962460896 0.577758470894874 0.12304483837330553 0.5821025195482189 0.12930135557872785 0.578627280625543 0.12825860271115747 0.5708079930495221 0.13764337851929093 0.5664639443961772 0.13555787278415016 0.524761077324066 0.14494264859228365 0.5082536924413553 0.15119916579770595 0.5082536924413553 0.15015641293013557 0.5004344048653344 0.1319082377476538 0.5004344048653344 0.12304483837330553 0.4874022589052997 0.12200208550573514 0.4552562988705473 0.12825860271115747 0.4439617723718505 0.14077163712200208 0.43788010425716767 0.16579770594369134 0.43266724587315375 0.3096976016684046 0.4291920069504778 0.3169968717413973 0.4248479582971329 0.3013555787278415 0.3631624674196351 0.2961418143899896 0.35534317984361424 0.2867570385818561 0.3509991311902693 0.10740354535974975 0.3509991311902693 0.0886339937434828 0.3579496090356212 0.08237747653806048 0.36837532580364896 0.08550573514077164 0.4778453518679409 0.09280500521376434 0.5456125108601216
3 0.3753910323253389 0.6316246741963509 0.3847758081334724 0.6298870547350129 0.38894681960375393 0.6246741963509991 0.38790406673618355 0.6090356211989574 0.36496350364963503 0.6064291920069504 0.3660062565172054 0.627280625543006 0.3753910323253389 0.6316246741963509
3 0.8091762252346194 0.6663770634231103 0.8133472367049009 0.6750651607298002 0.8269030239833159 0.678540399652476 0.8342022940563086 0.6750651607298002 0.8373305526590198 0.6663770634231103 0.8279457768508863 0.6107732406602954 0.8227320125130344 0.6090356211989574 0.8091762252346194 0.6125108601216334 0.799791449426486 0.6159860990443092 0.8091762252346194 0.6663770634231103
3 0.14702815432742442 0.6576889661164205 0.16058394160583941 0.6594265855777585 0.16788321167883213 0.6550825369244135 0.1699687174139729 0.6490008688097306 0.1762252346193952 0.5907906168549087 0.15015641293013557 0.5873153779322328 0.14598540145985403 0.6020851433536055 0.14181438998957246 0.6507384882710686 0.14702815432742442 0.6576889661164205
3 0.7090719499478624 0.735881841876629 0.7309697601668405 0.733275412684622 0.7372262773722628 0.7219808861859253 0.7163712200208551 0.6394439617723718 0.6777893639207508 0.6350999131190269 0.7017726798748697 0.7306689834926151 0.7090719499478624 0.735881841876629
