0 0.33263816475495306 0.3761946133796698 0.602711157455683 0.40139009556907035 0.6089676746611054 0.40139009556907035 0.6110531803962461 0.3979148566463944 0.6329509906152242 0.33709817549956556 0.6600625651720542 0.2936576889661164 0.6746611053180397 0.2875760208514335 0.6955161626694474 0.2988705473501303 0.7236704900938478 0.2997393570807993 0.7653806047966633 0.29018245004344045 0.786235662148071 0.29105125977410945 0.7914494264859229 0.2867072111207645 0.7841501564129302 0.2884448305821025 0.7716371220020856 0.2823631624674196 0.6193952033368092 0.27541268462206775 0.36287799791449427 0.2710686359687228 0.32742440041710114 0.2719374456993918 0.32116788321167883 0.2788879235447437 0.3295099061522419 0.3727193744569939 0.33263816475495306 0.3761946133796698
5 0.14598540145985403 0.4604691572545612 0.31178310740354537 0.48479582971329277 0.47028154327424404 0.5125977410947002 0.6016684045881127 0.5403996524761077 0.6392075078206465 0.5430060816681147 0.6527632950990615 0.5403996524761077 0.6663190823774765 0.5317115551694178 0.6715328467153285 0.43179843614248475 0.6611053180396246 0.4361424847958297 0.6339937434827946 0.43874891398783666 0.6256517205422315 0.44309296264118153 0.6068821689259646 0.44309296264118153 0.6037539103232534 0.4257167680278019 0.6089676746611054 0.40573414422241527 0.6037539103232534 0.40225890529973934 0.4285714285714286 0.38488271068635965 0.31282586027111575 0.3788010425716768 0.14911366006256518 0.39096437880104257 0.132429614181439 0.3979148566463944 0.1261730969760167 0.41702867072111205 0.1251303441084463 0.4526498696785404 0.14598540145985403 0.4604691572545612
2 0.759124087591241 0.6368375325803649 0.7622523461939521 0.6463944396177237 0.7685088633993744 0.6472632493483926 0.859228362877998 0.5847089487402258 0.8644421272158499 0.5708079930495221 0.872784150156413 0.5725456125108601 0.8748696558915537 0.5682015638575152 0.8905109489051095 0.5638575152041703 0.9113660062565172 0.5499565595134666 0.9155370177267987 0.4839270199826238 0.9155370177267987 0.30755864465682015 0.7705943691345152 0.32406602953953084 0.7622523461939521 0.32754126846220677 0.7612095933263817 0.3344917463075586 0.7643378519290929 0.3987836663770634 0.759124087591241 0.6368375325803649
4 0.27528675703858185 0.2832319721980886 0.31178310740354537 0.27715030408340574 0.3180396246089677 0.2728062554300608 0.2909280500521377 0.2719374456993918 0.20855057351407716 0.27628149435273675 0.27528675703858185 0.2832319721980886
4 0.09280500521376434 0.5047784535186793 0.10010427528675704 0.49087749782797563 0.10636079249217936 0.49087749782797563 0.10636079249217936 0.48218940052128584 0.11887382690302399 0.4769765421372719 0.1251303441084463 0.4622067767158992 0.12200208550573514 0.45351867940920937 0.12408759124087591 0.407761077324066 0.1334723670490094 0.3944396177237185 0.1616266944734098 0.38662033014769764 0.16266944734098018 0.35534317984361424 0.15745568300312826 0.2997393570807993 0.15119916579770595 0.27715030408340574 0.09697601668404589 0.2780191138140747 0.08446298227320126 0.2797567332754127 0.08133472367049009 0.2832319721980886 0.08446298227320126 0.5004344048653344 0.09280500521376434 0.5047784535186793
6 0.08654848800834203 0.5117289313640313 0.10218978102189781 0.5178105994787141 0.10948905109489052 0.5317115551694178 0.11470281543274244 0.5464813205907906 0.11574556830031282 0.5699391833188532 0.11991657977059438 0.5742832319721981 0.12930135557872785 0.5708079930495221 0.13138686131386862 0.5421372719374457 0.13660062565172054 0.5308427454387489 0.14702815432742442 0.524761077324066 0.7049009384775808 0.6429192006950477 0.7174139728884255 0.6472632493483926 0.7142857142857143 0.6602953953084274 0.7205422314911366 0.6759339704604691 0.7267987486965589 0.7271937445699391 0.7413972888425443 0.7237185056472633 0.7476538060479666 0.6794092093831451 0.7559958289885297 0.6689834926151172 0.7612095933263817 0.6507384882710686 0.8519290928050053 0.5907906168549087 0.8613138686131387 0.6064291920069504 0.8623566214807091 0.6194613379669852 0.8696558915537018 0.6220677671589921 0.8759124087591241 0.6185925282363162 0.8790406673618353 0.5925282363162467 0.8873826903023984 0.5682015638575152 0.908237747653806 0.5534317984361424 0.913451511991658 0.5403996524761077 0.9186652763295099 0.3092962641181581 0.9061522419186653 0.2945264986967854 0.8832116788321168 0.2884448305821025 0.8206465067778936 0.2823631624674196 0.5776850886339937 0.27454387489139875 0.33680917622523465 0.2710686359687228 0.15954118873826903 0.27367506516072976 0.10114702815432743 0.27715030408340574 0.08133472367049009 0.2823631624674196 0.08446298227320126 0.5030408340573415 0.08654848800834203 0.5117289313640313
1 0.08446298227320126 0.5056472632493484 0.08759124087591241 0.5117289313640313 0.10114702815432743 0.5169417897480452 0.7101147028154328 0.6455256298870548 0.7445255474452555 0.6516072980017376 0.7580813347236706 0.6507384882710686 0.7570385818561002 0.5847089487402258 0.7340980187695516 0.576020851433536 0.7278415015641293 0.578627280625543 0.7028154327424401 0.575152041702867 0.680917622523462 0.5682015638575152 0.6715328467153285 0.5603822762814943 0.667361835245047 0.5490877497827975 0.667361835245047 0.5430060816681147 0.6767466110531805 0.5395308427454387 0.6746611053180397 0.5351867940920938 0.6506777893639207 0.5438748913987836 0.6141814389989573 0.5438748913987836 0.3660062565172054 0.49609035621198955 0.13660062565172054 0.4596003475238922 0.09801876955161627 0.470894874022589 0.09176225234619395 0.4665508253692441 0.08446298227320126 0.472632493483927 0.08446298227320126 0.5056472632493484
3 0.8665276329509907 0.6142484795829712 0.8738269030239834 0.6125108601216334 0.8706986444212722 0.6099044309296264 0.8759124087591241 0.6020851433536055 0.8790406673618353 0.5803649000868809 0.8654848800834203 0.5838401390095569 0.8623566214807091 0.6064291920069504 0.8665276329509907 0.6142484795829712
3 0.1261730969760167 0.575152041702867 0.13034410844629823 0.5690703735881841 0.132429614181439 0.5386620330147698 0.13764337851929093 0.525629887054735 0.11574556830031282 0.5195482189400521 0.10844629822732013 0.5212858384013901 0.11574556830031282 0.5716768027801911 0.1261730969760167 0.575152041702867
3 0.735140771637122 0.7289313640312771 0.7424400417101147 0.7228496959165942 0.7476538060479666 0.682884448305821 0.7580813347236706 0.6637706342311034 0.7580813347236706 0.6568201563857515 0.7205422314911366 0.6481320590790617 0.7153284671532847 0.6498696785403996 0.7236704900938478 0.7245873153779322 0.735140771637122 0.7289313640312771
