6 0.09071949947862357 0.4413553431798436 0.11157455683003129 0.5282363162467419 0.1105318039624609 0.5351867940920938 0.10010427528675704 0.5430060816681147 0.10427528675703858 0.5855777584708949 0.1105318039624609 0.5986099044309295 0.12408759124087591 0.6046915725456125 0.13660062565172054 0.6055603822762815 0.14077163712200208 0.6099044309296264 0.13138686131386862 0.6889661164205039 0.14285714285714285 0.6880973066898349 0.16684045881126175 0.6090356211989574 0.2283628779979145 0.6151172893136403 0.26798748696558916 0.6151172893136403 0.2909280500521377 0.6194613379669852 0.2961418143899896 0.6264118158123371 0.29301355578727845 0.6446568201563857 0.29927007299270075 0.6472632493483926 0.30656934306569344 0.6446568201563857 0.30656934306569344 0.6350999131190269 0.3149113660062565 0.6203301476976542 0.7288842544316997 0.6463944396177237 0.7476538060479666 0.7367506516072979 0.759124087591241 0.73501303214596 0.7559958289885297 0.6550825369244135 0.767466110531804 0.6437880104257168 0.8070907194994786 0.6385751520417028 0.8581856100104276 0.6203301476976542 0.8779979144942649 0.682015638575152 0.8821689259645464 0.6863596872284969 0.8915537017726799 0.684622067767159 0.8790406673618353 0.6142484795829712 0.8967674661105318 0.5994787141615986 0.9040667361835245 0.576020851433536 0.9176225234619395 0.45004344048653344 0.9186652763295099 0.4074717636837532 0.9051094890510949 0.3032145960034752 0.8978102189781022 0.2823631624674196 0.8894681960375391 0.27715030408340574 0.8665276329509907 0.27367506516072976 0.6277372262773723 0.2667245873153779 0.3587069864442127 0.263249348392702 0.33785192909280504 0.2719374456993918 0.32638164754953075 0.2841007819287576 0.28779979144942647 0.3640312771503041 0.2732012513034411 0.37011294526498695 0.22002085505735142 0.37532580364900087 0.15015641293013557 0.38748913987836664 0.09489051094890512 0.40139009556907035 0.08342022940563087 0.4083405734144222 0.08133472367049009 0.41876629018245004 0.09071949947862357 0.4413553431798436
0 0.29822732012513037 0.4039965247610773 0.29822732012513037 0.4265855777584709 0.2961418143899896 0.43179843614248475 0.29197080291970806 0.43179843614248475 0.2909280500521377 0.4526498696785404 0.2950990615224192 0.4526498696785404 0.30031282586027114 0.4665508253692441 0.30552659019812306 0.47002606429192006 0.5974973931178311 0.48218940052128584 0.7632950990615225 0.4926151172893136 0.7768508863399375 0.49087749782797563 0.7820646506777894 0.4596003475238922 0.7914494264859229 0.4422241529105126 0.8039624608967675 0.4309296264118158 0.8790406673618353 0.39617723718505643 0.8957247132429614 0.3927019982623805 0.9144942648592284 0.3953084274543875 0.9155370177267987 0.3927019982623805 0.9144942648592284 0.36490008688097303 0.9009384775808134 0.2884448305821025 0.8915537017726799 0.2780191138140747 0.8581856100104276 0.27367506516072976 0.5849843587069865 0.2658557775847089 0.3555787278415016 0.26411815812337097 0.3388946819603754 0.2719374456993918 0.32742440041710114 0.2841007819287576 0.28884254431699685 0.3640312771503041 0.2898852971845673 0.3935708079930495 0.29822732012513037 0.4039965247610773
5 0.12721584984358708 0.5377932232841007 0.23149113660062565 0.5508253692441355 0.6381647549530761 0.5708079930495221 0.6955161626694474 0.577758470894874 0.6986444212721585 0.5821025195482189 0.7101147028154328 0.5699391833188532 0.7299270072992701 0.573414422241529 0.7518248175182481 0.5690703735881841 0.7653806047966633 0.5699391833188532 0.7705943691345152 0.5621198957428323 0.7747653806047967 0.5004344048653344 0.7716371220020856 0.49522154648132055 0.7601668404588113 0.4934839270199826 0.31386861313868614 0.470894874022589 0.264859228362878 0.470894874022589 0.15119916579770595 0.47871416159860986 0.13034410844629823 0.48566463944396177 0.12408759124087591 0.4934839270199826 0.12200208550573514 0.5125977410947002 0.12721584984358708 0.5377932232841007
2 0.7789363920750783 0.5725456125108601 0.7820646506777894 0.576020851433536 0.8091762252346194 0.575152041702867 0.8154327424400417 0.5855777584708949 0.8112617309697602 0.630755864465682 0.8060479666319083 0.6333622936576889 0.8206465067778936 0.6333622936576889 0.8550573514077164 0.6185925282363162 0.8623566214807091 0.6229365768896611 0.8623566214807091 0.6203301476976542 0.8759124087591241 0.6185925282363162 0.8790406673618353 0.6090356211989574 0.8967674661105318 0.5986099044309295 0.9019812304483837 0.5847089487402258 0.9165797705943691 0.4526498696785404 0.9176225234619395 0.4100781928757602 0.9144942648592284 0.39617723718505643 0.8832116788321168 0.3944396177237185 0.8060479666319083 0.4300608166811468 0.794577685088634 0.4396177237185056 0.7841501564129302 0.4569939183318853 0.7768508863399375 0.4934839270199826 0.7747653806047967 0.5343179843614249 0.7789363920750783 0.5725456125108601
4 0.11470281543274244 0.5343179843614249 0.12408759124087591 0.5325803649000869 0.12095933263816476 0.525629887054735 0.12200208550573514 0.4934839270199826 0.13660062565172054 0.48132059079061684 0.1699687174139729 0.47523892267593393 0.29718456725756 0.46915725456125107 0.3013555787278415 0.4665508253692441 0.29718456725756 0.4039965247610773 0.2857142857142857 0.36924413553431795 0.17518248175182483 0.3822762814943527 0.09489051094890512 0.40139009556907035 0.08342022940563087 0.4083405734144222 0.08237747653806048 0.420503909643788 0.11470281543274244 0.5343179843614249
1 0.10531803962460896 0.5873153779322328 0.11261730969760167 0.5994787141615986 0.12825860271115747 0.6055603822762815 0.3169968717413973 0.6211989574283232 0.7111574556830031 0.6455256298870548 0.7340980187695516 0.6437880104257168 0.7413972888425443 0.6385751520417028 0.7570385818561002 0.6437880104257168 0.7987486965589156 0.6403127715030408 0.808133472367049 0.6368375325803649 0.8112617309697602 0.6264118158123371 0.8123044838373306 0.5838401390095569 0.808133472367049 0.577758470894874 0.7987486965589156 0.576020851433536 0.7622523461939521 0.5725456125108601 0.6976016684045881 0.576889661164205 0.22210636079249219 0.5499565595134666 0.1480709071949948 0.5430060816681147 0.11991657977059438 0.5360556038227627 0.10218978102189781 0.5395308427454387 0.10010427528675704 0.5569070373588184 0.10531803962460896 0.5873153779322328
3 0.3034410844629823 0.6481320590790617 0.310740354535975 0.6229365768896611 0.3034410844629823 0.6194613379669852 0.2961418143899896 0.6194613379669852 0.29405630865484883 0.6229365768896611 0.29301355578727845 0.6472632493483926 0.3034410844629823 0.6481320590790617
3 0.8790406673618353 0.684622067767159 0.8894681960375391 0.6863596872284969 0.8915537017726799 0.680278019113814 0.8790406673618353 0.6168549087749783 0.8759124087591241 0.6142484795829712 0.8613138686131387 0.6194613379669852 0.8613138686131387 0.630755864465682 0.8790406673618353 0.684622067767159
3 0.1334723670490094 0.6907037358818419 0.14285714285714285 0.6880973066898349 0.16475495307612095 0.6151172893136403 0.16058394160583941 0.6090356211989574 0.14181438998957246 0.6081668114682884 0.1397288842544317 0.6107732406602954 0.12930135557872785 0.684622067767159 0.1334723670490094 0.6907037358818419
3 0.7476538060479666 0.7367506516072979 0.759124087591241 0.7367506516072979 0.7549530761209593 0.6481320590790617 0.7309697601668405 0.6472632493483926 0.7455683003128258 0.733275412684622 0.7476538060479666 0.7367506516072979
