0 0.34306569343065696 0.3614248479582971 0.35140771637122004 0.36750651607298 0.36287799791449427 0.3770634231103388 0.3722627737226277 0.3918331885317115 0.3722627737226277 0.4144222415291051 0.3597497393117831 0.43874891398783666 0.3670490093847758 0.4413553431798436 0.5304316996871742 0.4396177237185056 0.6913451511991658 0.4439617723718505 0.6986444212721585 0.43788010425716767 0.6996871741397289 0.4309296264118158 0.7361835245046924 0.3727193744569939 0.735140771637122 0.3622936576889661 0.7267987486965589 0.35881841876629017 0.7205422314911366 0.34839270199826233 0.7132429614181439 0.3475238922675934 0.6037539103232534 0.37185056472632494 0.5286757038581856 0.37445699391833187 0.48383733055265904 0.365768896611642 0.4191866527632951 0.3414422241529105 0.3545359749739312 0.32406602953953084 0.3305526590198123 0.3205907906168549 0.32638164754953075 0.3266724587315378 0.32742440041710114 0.3570807993049522 0.34306569343065696 0.3614248479582971
6 0.09280500521376434 0.4665508253692441 0.12304483837330553 0.5577758470894874 0.13555787278415016 0.5847089487402258 0.14494264859228365 0.5916594265855777 0.16058394160583941 0.5916594265855777 0.1710114702815433 0.6012163336229366 0.1772679874869656 0.6498696785403996 0.18143899895724713 0.6498696785403996 0.1835245046923879 0.6403127715030408 0.18561001042752867 0.5994787141615986 0.19603753910323254 0.5925282363162467 0.3420229405630866 0.6029539530842745 0.35036496350364965 0.6133796698523023 0.36392075078206465 0.6038227628149435 0.3743482794577685 0.6038227628149435 0.6225234619395204 0.6203301476976542 0.6725755995828989 0.629018245004344 0.6788321167883212 0.6967854039965247 0.6850886339937435 0.7019982623805386 0.6903023983315955 0.6950477845351868 0.6913451511991658 0.6350999131190269 0.6955161626694474 0.6298870547350129 0.7851929092805006 0.6194613379669852 0.794577685088634 0.630755864465682 0.799791449426486 0.6498696785403996 0.8060479666319083 0.6446568201563857 0.8050052137643379 0.6255430060816681 0.8133472367049009 0.6151172893136403 0.8550573514077164 0.5994787141615986 0.8644421272158499 0.5899218071242398 0.8894681960375391 0.522154648132059 0.9071949947862357 0.4448305821025195 0.9176225234619395 0.35534317984361424 0.9165797705943691 0.30582102519548215 0.9040667361835245 0.2988705473501303 0.886339937434828 0.2980017376194613 0.8404588112617309 0.314509122502172 0.7612095933263817 0.32841007819287577 0.6465067778936392 0.3614248479582971 0.5828988529718457 0.3735881841876629 0.5067778936392076 0.37098175499565594 0.40771637122002086 0.33796698523023455 0.34410844629822734 0.32145960034752386 0.2773722627737226 0.31277150304083406 0.21167883211678834 0.31277150304083406 0.16475495307612095 0.3197219808861859 0.12095933263816476 0.33796698523023455 0.0959332638164755 0.3570807993049522 0.08133472367049009 0.38662033014769764 0.08133472367049009 0.4126846220677671 0.09280500521376434 0.4665508253692441
2 0.7049009384775808 0.629018245004344 0.7935349322210636 0.6185925282363162 0.8310740354535975 0.6090356211989574 0.8602711157455684 0.5951346655082537 0.872784150156413 0.5708079930495221 0.8915537017726799 0.5134665508253692 0.908237747653806 0.4396177237185056 0.9176225234619395 0.3466550825369244 0.9144942648592284 0.3049522154648132 0.8905109489051095 0.2988705473501303 0.8633993743482795 0.30668983492615115 0.8206465067778936 0.34404865334491747 0.7758081334723671 0.3987836663770634 0.7778936392075079 0.4083405734144222 0.7632950990615225 0.41702867072111205 0.7507820646506778 0.43179843614248475 0.735140771637122 0.4552562988705473 0.7132429614181439 0.5030408340573415 0.6694473409801878 0.6229365768896611 0.7049009384775808 0.629018245004344
4 0.1251303441084463 0.5629887054735012 0.13555787278415016 0.5847089487402258 0.1480709071949948 0.5916594265855777 0.15849843587069865 0.5907906168549087 0.1616266944734098 0.5803649000868809 0.14285714285714285 0.5334491746307558 0.310740354535975 0.35447437011294525 0.3222106360792492 0.35534317984361424 0.3284671532846715 0.32319721980886185 0.3232533889468196 0.3188531711555169 0.2659019812304484 0.31190269331016507 0.20855057351407716 0.31277150304083406 0.16058394160583941 0.3205907906168549 0.12825860271115747 0.33362293657688963 0.09697601668404589 0.35534317984361424 0.08133472367049009 0.3883579496090356 0.08759124087591241 0.4439617723718505 0.1251303441084463 0.5629887054735012
3 0.34932221063607927 0.6168549087749783 0.3534932221063608 0.6142484795829712 0.3534932221063608 0.6046915725456125 0.3482794577685089 0.6029539530842745 0.34515119916579773 0.6072980017376194 0.34932221063607927 0.6168549087749783
3 0.8029197080291971 0.6498696785403996 0.8060479666319083 0.6472632493483926 0.8050052137643379 0.6194613379669852 0.7956204379562044 0.6185925282363162 0.7956204379562044 0.6455256298870548 0.8029197080291971 0.6498696785403996
3 0.18039624608967675 0.6516072980017376 0.1835245046923879 0.6490008688097306 0.18665276329509906 0.5951346655082537 0.1710114702815433 0.5916594265855777 0.17413972888425444 0.6481320590790617 0.18039624608967675 0.6516072980017376
3 0.6830031282586028 0.7019982623805386 0.6903023983315955 0.6993918331885317 0.6913451511991658 0.63249348392702 0.6736183524504693 0.627280625543006 0.6777893639207508 0.6907037358818419 0.6830031282586028 0.7019982623805386
5 0.14702815432742442 0.5108601216333623 0.39416058394160586 0.5143353605560382 0.6892596454640251 0.5291051259774109 0.6976016684045881 0.5282363162467419 0.7038581856100105 0.5230234578627281 0.7153284671532847 0.4874022589052997 0.7278415015641293 0.470894874022589 0.7320125130344108 0.4578627280625543 0.7247132429614181 0.4526498696785404 0.6590198123044838 0.4448305821025195 0.4421272158498436 0.4404865334491746 0.21167883211678834 0.44917463075586445 0.16058394160583941 0.4569939183318853 0.1334723670490094 0.4665508253692441 0.132429614181439 0.49782797567332754 0.14702815432742442 0.5108601216333623
1 0.16579770594369134 0.5821025195482189 0.18039624608967675 0.5907906168549087 0.6642335766423357 0.6246741963509991 0.6715328467153285 0.6229365768896611 0.6704900938477582 0.6151172893136403 0.6788321167883212 0.5960034752389226 0.6798748696558916 0.5829713292788878 0.6746611053180397 0.58123370981755 0.6746611053180397 0.5708079930495221 0.6892596454640251 0.5673327541268461 0.6996871741397289 0.5377932232841007 0.6923879040667362 0.5308427454387489 0.6725755995828989 0.5291051259774109 0.3305526590198123 0.5134665508253692 0.1699687174139729 0.5125977410947002 0.15328467153284672 0.5152041702867072 0.14598540145985403 0.5212858384013901 0.14598540145985403 0.5325803649000869 0.16579770594369134 0.5821025195482189
