0 0.16788321167883213 0.3735881841876629 0.1762252346193952 0.3796698523023458 0.17831074035453598 0.3927019982623805 0.16788321167883213 0.3979148566463944 0.16579770594369134 0.4074717636837532 0.16058394160583941 0.4109470026064292 0.16475495307612095 0.41876629018245004 0.15224191866527634 0.4309296264118158 0.15328467153284672 0.4422241529105126 0.15849843587069865 0.4439617723718505 0.191866527632951 0.43874891398783666 0.24504692387904067 0.4361424847958297 0.251303441084463 0.43179843614248475 0.2721584984358707 0.43179843614248475 0.278415015641293 0.4352736750651607 0.3295099061522419 0.4361424847958297 0.3680917622523462 0.4422241529105126 0.62148070907195 0.4604691572545612 0.6392075078206465 0.45873153779322323 0.6850886339937435 0.46481320590790615 0.7382690302398331 0.4352736750651607 0.7466110531803962 0.4291920069504778 0.7497393117831074 0.42137271937445697 0.759124087591241 0.4152910512597741 0.7632950990615225 0.41615986099044305 0.7831074035453598 0.40052128583840135 0.7966631908237748 0.3796698523023458 0.7935349322210636 0.37445699391833187 0.8206465067778936 0.30755864465682015 0.8310740354535975 0.30755864465682015 0.8404588112617309 0.3032145960034752 0.845672575599583 0.3049522154648132 0.8446298227320125 0.2988705473501303 0.8415015641293013 0.2988705473501303 0.8425443169968717 0.29192006950477845 0.8498435870698645 0.2893136403127715 0.8581856100104276 0.29105125977410945 0.859228362877998 0.2884448305821025 0.8529718456725757 0.2823631624674196 0.7841501564129302 0.2684622067767159 0.6757038581856101 0.26151172893136404 0.5453597497393118 0.25977410947002605 0.5151199165797706 0.2562988705473501 0.4744525547445256 0.25890529973935705 0.429614181438999 0.2571676802780191 0.410844629822732 0.26151172893136404 0.3545359749739312 0.263249348392702 0.33263816475495306 0.2693310165073849 0.28884254431699685 0.27454387489139875 0.26277372262773724 0.2823631624674196 0.24608967674661106 0.29278887923544744 0.191866527632951 0.315377932232841 0.18248175182481752 0.32406602953953084 0.1929092805005214 0.3344917463075586 0.19499478623566216 0.3423110338835795 0.18978102189781024 0.35273675065160726 0.1845672575599583 0.35273675065160726 0.1762252346193952 0.3631624674196351 0.16475495307612095 0.3622936576889661 0.1699687174139729 0.36837532580364896 0.16788321167883213 0.3735881841876629
5 0.1334723670490094 0.525629887054735 0.37122002085505734 0.5577758470894874 0.629822732012513 0.5821025195482189 0.6548488008342023 0.5803649000868809 0.6663190823774765 0.5742832319721981 0.6704900938477582 0.5525629887054735 0.6652763295099061 0.5099913119026933 0.6684045881126174 0.49435273675065156 0.680917622523462 0.47002606429192006 0.6579770594369134 0.46481320590790615 0.3680917622523462 0.4413553431798436 0.2575599582898853 0.4370112945264987 0.1845672575599583 0.44309296264118153 0.15849843587069865 0.44830582102519545 0.132429614181439 0.4613379669852302 0.12721584984358708 0.47523892267593393 0.1261730969760167 0.5099913119026933 0.1334723670490094 0.525629887054735
6 0.10218978102189781 0.5152041702867072 0.12304483837330553 0.5412684622067767 0.14911366006256518 0.5560382276281494 0.15849843587069865 0.5655951346655083 0.14702815432742442 0.6611642050390965 0.16058394160583941 0.6611642050390965 0.16475495307612095 0.6264118158123371 0.6047966631908238 0.6116420503909643 0.6882168925964547 0.6168549087749783 0.6965589155370178 0.6750651607298002 0.6986444212721585 0.722270199826238 0.6955161626694474 0.7410947002606428 0.7059436913451512 0.7437011294526499 0.7132429614181439 0.7384882710686359 0.7090719499478624 0.7263249348392702 0.7090719499478624 0.6880973066898349 0.7122002085505735 0.6211989574283232 0.7174139728884255 0.6151172893136403 0.7768508863399375 0.5968722849695917 0.7872784150156413 0.6125108601216334 0.7956204379562044 0.6733275412684622 0.808133472367049 0.6733275412684622 0.8018769551616267 0.6437880104257168 0.799791449426486 0.5890529973935708 0.835245046923879 0.5690703735881841 0.8519290928050053 0.5551694178974804 0.8738269030239834 0.522154648132059 0.8978102189781022 0.4674196350999131 0.9103232533889468 0.4257167680278019 0.9165797705943691 0.3953084274543875 0.9176225234619395 0.35360556038227625 0.9040667361835245 0.31190269331016507 0.8905109489051095 0.29626411815812337 0.8738269030239834 0.2867072111207645 0.8175182481751825 0.2728062554300608 0.7017726798748697 0.262380538662033 0.5307612095933264 0.2562988705473501 0.4337851929092805 0.2571676802780191 0.410844629822732 0.26151172893136404 0.35140771637122004 0.263249348392702 0.2638164754953076 0.28062554300608167 0.19395203336809178 0.313640312771503 0.14494264859228365 0.34839270199826233 0.11887382690302399 0.3727193744569939 0.09384775808133472 0.40225890529973934 0.08133472367049009 0.4309296264118158 0.08550573514077164 0.47523892267593393 0.10218978102189781 0.5152041702867072
2 0.6757038581856101 0.5438748913987836 0.6757038581856101 0.5482189400521286 0.6611053180396246 0.5951346655082537 0.6694473409801878 0.6107732406602954 0.680917622523462 0.6159860990443092 0.7163712200208551 0.6142484795829712 0.7424400417101147 0.6090356211989574 0.8018769551616267 0.5881841876629018 0.845672575599583 0.5603822762814943 0.872784150156413 0.524761077324066 0.886339937434828 0.49522154648132055 0.9144942648592284 0.40660295395308427 0.9176225234619395 0.3727193744569939 0.9144942648592284 0.3405734144222415 0.9040667361835245 0.313640312771503 0.8925964546402503 0.2997393570807993 0.8894681960375391 0.2988705473501303 0.8894681960375391 0.3101650738488271 0.8550573514077164 0.3258036490008688 0.8467153284671534 0.33709817549956556 0.8258602711157456 0.3518679409209383 0.8237747653806048 0.3622936576889661 0.8123044838373306 0.3779322328410078 0.7924921793534933 0.3944396177237185 0.7851929092805006 0.4074717636837532 0.7372262773722628 0.4422241529105126 0.7101147028154328 0.4517810599478714 0.6903023983315955 0.4665508253692441 0.6736183524504693 0.4891398783666377 0.6684045881126174 0.5073848827106864 0.6694473409801878 0.5395308427454387 0.6757038581856101 0.5438748913987836
4 0.0886339937434828 0.4830582102519548 0.0959332638164755 0.4874022589052997 0.09906152241918666 0.5073848827106864 0.1105318039624609 0.5195482189400521 0.11574556830031282 0.5317115551694178 0.13138686131386862 0.5438748913987836 0.13138686131386862 0.5325803649000869 0.1251303441084463 0.523892267593397 0.12304483837330553 0.5117289313640313 0.12408759124087591 0.48132059079061684 0.12930135557872785 0.46394439617723715 0.14494264859228365 0.4509122502172024 0.19082377476538062 0.43874891398783666 0.18039624608967675 0.3944396177237185 0.1616266944734098 0.366637706342311 0.14598540145985403 0.3605560382276281 0.13660062565172054 0.35968722849695917 0.12930135557872785 0.3631624674196351 0.09489051094890512 0.40225890529973934 0.08237747653806048 0.4352736750651607 0.08654848800834203 0.4761077324066029 0.0886339937434828 0.4830582102519548
1 0.15328467153284672 0.5508253692441355 0.1543274244004171 0.5569070373588184 0.17518248175182483 0.5595134665508253 0.18248175182481752 0.5638575152041703 0.5464025026068822 0.6090356211989574 0.6538060479666319 0.6159860990443092 0.6871741397288843 0.6151172893136403 0.6871741397288843 0.6125108601216334 0.6777893639207508 0.6151172893136403 0.6725755995828989 0.6116420503909643 0.6652763295099061 0.6017958297132928 0.6652763295099061 0.5907906168549087 0.6579770594369134 0.5829713292788878 0.3399374348279458 0.5543006081668115 0.2961418143899896 0.5464813205907906 0.22314911366006257 0.5403996524761077 0.15745568300312826 0.5282363162467419 0.1386861313868613 0.5282363162467419 0.1397288842544317 0.5395308427454387 0.15328467153284672 0.5508253692441355
3 0.3472367049009385 0.6177237185056472 0.3607924921793535 0.6194613379669852 0.3607924921793535 0.5899218071242398 0.3482794577685089 0.5881841876629018 0.35036496350364965 0.6125108601216334 0.3472367049009385 0.6177237185056472
3 0.7966631908237748 0.6646394439617723 0.7935349322210636 0.6715899218071242 0.7956204379562044 0.6750651607298002 0.8060479666319083 0.6750651607298002 0.8102189781021898 0.6715899218071242 0.8050052137643379 0.6620330147697654 0.7987486965589156 0.5942658557775847 0.7851929092805006 0.5951346655082537 0.7820646506777894 0.6038227628149435 0.7966631908237748 0.6646394439617723
3 0.15119916579770595 0.6629018245004343 0.1616266944734098 0.6602953953084274 0.1616266944734098 0.6385751520417028 0.1772679874869656 0.5699391833188532 0.17518248175182483 0.5629887054735012 0.15954118873826903 0.5612510860121633 0.15745568300312826 0.5647263249348392 0.14494264859228365 0.6594265855777585 0.15119916579770595 0.6629018245004343
3 0.6986444212721585 0.7237185056472633 0.694473409801877 0.7402258905299739 0.7090719499478624 0.7419635099913119 0.7132429614181439 0.7402258905299739 0.7090719499478624 0.733275412684622 0.7132429614181439 0.6185925282363162 0.6923879040667362 0.6177237185056472 0.6903023983315955 0.630755864465682 0.6986444212721585 0.7237185056472633
