0 0.31386861313868614 0.4561251086012163 0.3169968717413973 0.4526498696785404 0.3284671532846715 0.45873153779322323 0.7299270072992701 0.48045178105994785 0.7434827945776851 0.4456993918331885 0.7653806047966633 0.4248479582971329 0.8821689259645464 0.3892267593397046 0.8988529718456726 0.3883579496090356 0.913451511991658 0.3935708079930495 0.9155370177267987 0.3266724587315378 0.9103232533889468 0.2867072111207645 0.8988529718456726 0.27541268462206775 0.8800834202294057 0.2719374456993918 0.5224191866527633 0.25977410947002605 0.3899895724713243 0.26151172893136404 0.3670490093847758 0.27541268462206775 0.3482794577685089 0.3032145960034752 0.32429614181439 0.3518679409209383 0.32012513034410844 0.36490008688097303 0.3222106360792492 0.37098175499565594 0.31282586027111575 0.3796698523023458 0.3159541188738269 0.41615986099044305 0.30761209593326383 0.4248479582971329 0.29927007299270075 0.4448305821025195 0.28258602711157454 0.4456993918331885 0.28154327424400416 0.4561251086012163 0.31386861313868614 0.4561251086012163
5 0.11991657977059438 0.5230234578627281 0.132429614181439 0.5299739357080799 0.6538060479666319 0.5699391833188532 0.7090719499478624 0.5655951346655083 0.721584984358707 0.5621198957428323 0.7309697601668405 0.5534317984361424 0.7309697601668405 0.4865334491746307 0.7194994786235662 0.48218940052128584 0.3315954118873827 0.4604691572545612 0.1772679874869656 0.46394439617723715 0.1334723670490094 0.4682884448305821 0.1178310740354536 0.472632493483927 0.11366006256517205 0.47958297132927885 0.11470281543274244 0.5143353605560382 0.11991657977059438 0.5230234578627281
1 0.09801876955161627 0.5881841876629018 0.10218978102189781 0.5925282363162467 0.11574556830031282 0.5960034752389226 0.28258602711157454 0.6125108601216334 0.6684045881126174 0.6429192006950477 0.7267987486965589 0.6437880104257168 0.759124087591241 0.6394439617723718 0.7664233576642336 0.6350999131190269 0.7705943691345152 0.5847089487402258 0.7664233576642336 0.576889661164205 0.7424400417101147 0.5690703735881841 0.6319082377476538 0.5699391833188532 0.31908237747653806 0.5438748913987836 0.1845672575599583 0.5360556038227627 0.13555787278415016 0.5308427454387489 0.11678832116788321 0.525629887054735 0.09906152241918666 0.527367506516073 0.09280500521376434 0.5325803649000869 0.09176225234619395 0.5508253692441355 0.09801876955161627 0.5881841876629018
4 0.10218978102189781 0.4769765421372719 0.11261730969760167 0.5230234578627281 0.11678832116788321 0.5152041702867072 0.11261730969760167 0.5117289313640313 0.1105318039624609 0.4830582102519548 0.11366006256517205 0.4761077324066029 0.12825860271115747 0.4682884448305821 0.18248175182481752 0.4622067767158992 0.3222106360792492 0.4569939183318853 0.31386861313868614 0.36750651607298 0.16892596454640252 0.3796698523023458 0.10010427528675704 0.3935708079930495 0.08237747653806048 0.40139009556907035 0.08133472367049009 0.4135534317984361 0.10218978102189781 0.4769765421372719
2 0.7393117831074035 0.5673327541268461 0.7559958289885297 0.5708079930495221 0.7705943691345152 0.5803649000868809 0.7695516162669448 0.6298870547350129 0.7653806047966633 0.6333622936576889 0.7820646506777894 0.6350999131190269 0.8894681960375391 0.6090356211989574 0.8978102189781022 0.6012163336229366 0.9040667361835245 0.576889661164205 0.9176225234619395 0.420503909643788 0.9144942648592284 0.3970460469157254 0.9040667361835245 0.3935708079930495 0.8779979144942649 0.3935708079930495 0.8571428571428572 0.40139009556907035 0.7924921793534933 0.41615986099044305 0.7664233576642336 0.4265855777584709 0.7539103232533889 0.4352736750651607 0.7424400417101147 0.4526498696785404 0.7320125130344108 0.49695916594265854 0.7320125130344108 0.5334491746307558 0.7393117831074035 0.5673327541268461
3 0.3347236704900939 0.6481320590790617 0.33785192909280504 0.6194613379669852 0.3222106360792492 0.6159860990443092 0.3222106360792492 0.6472632493483926 0.3347236704900939 0.6481320590790617
3 0.8686131386861314 0.6933101650738488 0.872784150156413 0.6967854039965247 0.8832116788321168 0.6959165942658557 0.8748696558915537 0.6194613379669852 0.8717413972888426 0.6168549087749783 0.8550573514077164 0.6211989574283232 0.8529718456725757 0.6264118158123371 0.8686131386861314 0.6933101650738488
3 0.12930135557872785 0.682884448305821 0.13555787278415016 0.6750651607298002 0.15015641293013557 0.6020851433536055 0.12825860271115747 0.5994787141615986 0.12408759124087591 0.6159860990443092 0.11887382690302399 0.681146828844483 0.12930135557872785 0.682884448305821
3 0.6955161626694474 0.7402258905299739 0.7059436913451512 0.7402258905299739 0.7090719499478624 0.6472632493483926 0.6840458811261731 0.6455256298870548 0.6913451511991658 0.734144222415291 0.6955161626694474 0.7402258905299739
6 0 0.999131190269331 0.9989572471324296 0.999131190269331 0.9989572471324296 0 0 0 0 0.999131190269331
