6 0.09280500521376434 0.49087749782797563 0.10636079249217936 0.5360556038227627 0.1251303441084463 0.5638575152041703 0.15641293013555788 0.5699391833188532 0.15641293013555788 0.5925282363162467 0.14389989572471323 0.6394439617723718 0.14494264859228365 0.6576889661164205 0.1543274244004171 0.6576889661164205 0.15849843587069865 0.6533449174630755 0.1762252346193952 0.5899218071242398 0.19499478623566216 0.5708079930495221 0.3169968717413973 0.5803649000868809 0.32429614181439 0.5847089487402258 0.40145985401459855 0.5873153779322328 0.7122002085505735 0.6151172893136403 0.7257559958289885 0.6246741963509991 0.7372262773722628 0.7219808861859253 0.7466110531803962 0.7245873153779322 0.7528675703858185 0.7219808861859253 0.7539103232533889 0.6350999131190269 0.7559958289885297 0.6203301476976542 0.7612095933263817 0.6159860990443092 0.8070907194994786 0.5968722849695917 0.8227320125130344 0.6107732406602954 0.835245046923879 0.6524761077324066 0.8394160583941606 0.6559513466550825 0.8477580813347237 0.6507384882710686 0.8435870698644421 0.6463944396177237 0.8415015641293013 0.6020851433536055 0.8373305526590198 0.5951346655082537 0.8404588112617309 0.5829713292788878 0.8623566214807091 0.5699391833188532 0.8759124087591241 0.5569070373588184 0.894681960375391 0.522154648132059 0.9092805005213764 0.47523892267593393 0.9186652763295099 0.40052128583840135 0.9124087591240876 0.35534317984361424 0.8957247132429614 0.32406602953953084 0.8665276329509907 0.2997393570807993 0.8383733055265902 0.29105125977410945 0.7685088633993744 0.2841007819287576 0.4181438998957247 0.27454387489139875 0.3795620437956205 0.27628149435273675 0.34306569343065696 0.2867072111207645 0.31282586027111575 0.30582102519548215 0.2638164754953076 0.3466550825369244 0.23149113660062565 0.35881841876629017 0.10531803962460896 0.3770634231103388 0.0886339937434828 0.3831450912250217 0.08237747653806048 0.39009556907037357 0.08550573514077164 0.44917463075586445 0.09280500521376434 0.49087749782797563
5 0.1543274244004171 0.5065160729800173 0.16371220020855057 0.5117289313640313 0.6892596454640251 0.5534317984361424 0.7142857142857143 0.5534317984361424 0.7226277372262774 0.5464813205907906 0.7361835245046924 0.4761077324066029 0.735140771637122 0.45873153779322323 0.708029197080292 0.45438748913987836 0.5495307612095933 0.4413553431798436 0.3858185610010428 0.4352736750651607 0.32429614181439 0.43440486533449174 0.2502606882168926 0.43874891398783666 0.16579770594369134 0.4509122502172024 0.14598540145985403 0.4596003475238922 0.14702815432742442 0.4865334491746307 0.1543274244004171 0.5065160729800173
2 0.7288842544316997 0.5464813205907906 0.7403545359749739 0.5551694178974804 0.7664233576642336 0.5464813205907906 0.7851929092805006 0.5464813205907906 0.7872784150156413 0.5499565595134666 0.7768508863399375 0.5881841876629018 0.7664233576642336 0.5986099044309295 0.7539103232533889 0.5977410947002606 0.7539103232533889 0.6012163336229366 0.7361835245046924 0.6159860990443092 0.7580813347236706 0.6168549087749783 0.8415015641293013 0.58123370981755 0.8623566214807091 0.5690703735881841 0.8800834202294057 0.5499565595134666 0.9009384775808134 0.5047784535186793 0.9144942648592284 0.4509122502172024 0.9165797705943691 0.37532580364900087 0.9113660062565172 0.3727193744569939 0.8988529718456726 0.39009556907037357 0.8884254431699687 0.39096437880104257 0.872784150156413 0.3814074717636837 0.872784150156413 0.3761946133796698 0.8508863399374349 0.3761946133796698 0.8404588112617309 0.38575152041702865 0.8185610010427529 0.3953084274543875 0.799791449426486 0.3953084274543875 0.7539103232533889 0.4109470026064292 0.7445255474452555 0.4239791485664639 0.7361835245046924 0.5117289313640313 0.7288842544316997 0.5464813205907906
4 0.10531803962460896 0.5325803649000869 0.12304483837330553 0.5603822762814943 0.12721584984358708 0.5638575152041703 0.14389989572471323 0.5647263249348392 0.13660062565172054 0.5586446568201564 0.13764337851929093 0.5516941789748044 0.14389989572471323 0.5412684622067767 0.15745568300312826 0.5369244135534318 0.15954118873826903 0.5291051259774109 0.14911366006256518 0.524761077324066 0.15224191866527634 0.5056472632493484 0.14077163712200208 0.4761077324066029 0.14389989572471323 0.4578627280625543 0.1710114702815433 0.4465682015638575 0.264859228362878 0.4352736750651607 0.2857142857142857 0.4300608166811468 0.29301355578727845 0.42137271937445697 0.29718456725756 0.3953084274543875 0.29718456725756 0.3761946133796698 0.2898852971845673 0.35968722849695917 0.2898852971845673 0.3475238922675934 0.27424400417101147 0.3405734144222415 0.23774765380604798 0.35621198957428324 0.20333680917622524 0.3640312771503041 0.09906152241918666 0.3788010425716768 0.08237747653806048 0.39009556907037357 0.08759124087591241 0.4622067767158992 0.10531803962460896 0.5325803649000869
1 0.16684045881126175 0.5525629887054735 0.15328467153284672 0.5603822762814943 0.15745568300312826 0.5612510860121633 0.1553701772679875 0.5673327541268461 0.64859228362878 0.6099044309296264 0.7580813347236706 0.6159860990443092 0.7580813347236706 0.6125108601216334 0.7403545359749739 0.6133796698523023 0.7309697601668405 0.5873153779322328 0.735140771637122 0.576889661164205 0.7299270072992701 0.5673327541268461 0.7236704900938478 0.5673327541268461 0.7236704900938478 0.5595134665508253 0.7194994786235662 0.5560382276281494 0.3545359749739312 0.527367506516073 0.20959332638164754 0.5178105994787141 0.16579770594369134 0.5178105994787141 0.1699687174139729 0.5403996524761077 0.16684045881126175 0.5525629887054735
3 0.3295099061522419 0.6090356211989574 0.3347236704900939 0.5847089487402258 0.3180396246089677 0.5847089487402258 0.3169968717413973 0.6064291920069504 0.3295099061522419 0.6090356211989574
3 0.8373305526590198 0.6576889661164205 0.8488008342022941 0.6576889661164205 0.8383733055265902 0.5864465682015638 0.8175182481751825 0.5933970460469157 0.8342022940563086 0.6533449174630755 0.8373305526590198 0.6576889661164205
3 0.15328467153284672 0.6594265855777585 0.1616266944734098 0.6481320590790617 0.18248175182481752 0.5716768027801911 0.15641293013555788 0.5699391833188532 0.14702815432742442 0.6159860990443092 0.14181438998957246 0.6576889661164205 0.15328467153284672 0.6594265855777585
3 0.7403545359749739 0.7245873153779322 0.748696558915537 0.7254561251086011 0.7539103232533889 0.7219808861859253 0.7549530761209593 0.7106863596872285 0.7559958289885297 0.6211989574283232 0.7528675703858185 0.6185925282363162 0.7247132429614181 0.6177237185056472 0.735140771637122 0.7167680278019113 0.7403545359749739 0.7245873153779322
0 0.2586027111574557 0.3883579496090356 0.251303441084463 0.39009556907037357 0.24817518248175183 0.4100781928757602 0.23774765380604798 0.4109470026064292 0.24087591240875914 0.4144222415291051 0.2283628779979145 0.4300608166811468 0.21584984358706988 0.43874891398783666 0.27632950990615224 0.43179843614248475 0.40875912408759124 0.43353605560382275 0.6611053180396246 0.44743701129452645 0.7278415015641293 0.4561251086012163 0.7361835245046924 0.4552562988705473 0.7393117831074035 0.45004344048653344 0.7434827945776851 0.419635099913119 0.7528675703858185 0.4100781928757602 0.781021897810219 0.40139009556907035 0.799791449426486 0.39965247610773236 0.8070907194994786 0.3944396177237185 0.8331595411887383 0.38748913987836664 0.8488008342022941 0.3979148566463944 0.8602711157455684 0.39965247610773236 0.8623566214807091 0.4039965247610773 0.8936392075078207 0.3944396177237185 0.908237747653806 0.38053866203301473 0.9144942648592284 0.366637706342311 0.908237747653806 0.3457862728062554 0.8905109489051095 0.3188531711555169 0.8654848800834203 0.2997393570807993 0.8425443169968717 0.29278887923544744 0.7653806047966633 0.2841007819287576 0.4494264859228363 0.27541268462206775 0.3858185610010428 0.27541268462206775 0.3482794577685089 0.2849695916594266 0.32116788321167883 0.2997393570807993 0.2846715328467153 0.3310165073848827 0.2794577685088634 0.3405734144222415 0.2721584984358707 0.3414422241529105 0.2586027111574557 0.35360556038227625 0.251303441084463 0.3518679409209383 0.23461939520333683 0.35881841876629017 0.24504692387904067 0.3614248479582971 0.2586027111574557 0.3883579496090356
