5 0.7653806047966631 0.47002606429192006 0.7309697601668403 0.4648132059079062 0.7194994786235662 0.47002606429192006 0.7174139728884253 0.4769765421372719 0.7215849843587069 0.4943527367506516 0.7174139728884253 0.5039096437880104 0.7174139728884253 0.529105125977411 0.7205422314911366 0.5499565595134666 0.7205422314911366 0.5942658557775847 0.7685088633993743 0.5847089487402259 0.7945776850886339 0.5760208514335361 0.8279457768508862 0.5708079930495222 0.8540145985401459 0.5621198957428324 0.8915537017726798 0.5560382276281495 0.9061522419186652 0.5490877497827976 0.9113660062565172 0.49609035621198966 0.9071949947862356 0.46828844483058213 0.8967674661105317 0.4639443961772372 0.8769551616266945 0.47002606429192006 0.8696558915537016 0.46828844483058213 0.8644421272158498 0.47176368375325806 0.8519290928050051 0.4726324934839271 0.8425443169968718 0.46741963509991313 0.8237747653806048 0.46741963509991313 0.8070907194994786 0.4639443961772372 0.8050052137643379 0.4639443961772372 0.7831074035453598 0.47002606429192006 0.7653806047966631 0.47002606429192006
5 0.08863399374348278 0.4361424847958298 0.08133472367049009 0.4474370112945265 0.08446298227320125 0.5091225021720244 0.10531803962460898 0.5160729800173762 0.10948905109489052 0.5143353605560382 0.11574556830031282 0.5186794092093832 0.13138686131386862 0.5178105994787142 0.14494264859228362 0.5230234578627281 0.17101147028154326 0.5247610773240661 0.21584984358706985 0.5360556038227628 0.2346193952033368 0.5351867940920939 0.3430656934306569 0.5551694178974805 0.4191866527632951 0.5647263249348393 0.4504692387904067 0.5725456125108602 0.4994786235662148 0.5777584708948741 0.5464025026068822 0.5881841876629019 0.5922836287799791 0.5925282363162468 0.6027111574556829 0.5968722849695917 0.6110531803962461 0.5960034752389227 0.6538060479666319 0.6046915725456126 0.6850886339937434 0.6072980017376195 0.6965589155370177 0.6055603822762816 0.6996871741397288 0.6020851433536056 0.6996871741397288 0.5117289313640313 0.6965589155370177 0.4995655951346656 0.6996871741397288 0.47523892267593404 0.6955161626694473 0.45786272806255435 0.6923879040667361 0.46220677671589927 0.6402502606882169 0.45786272806255435 0.5974973931178311 0.45351867940920937 0.5808133472367049 0.4491746307558645 0.5589155370177268 0.45004344048653344 0.5224191866527633 0.4439617723718506 0.41814389989572465 0.4370112945264987 0.40458811261730965 0.4291920069504779 0.3670490093847758 0.4309296264118158 0.28258602711157454 0.42484795829713295 0.24608967674661103 0.4196350999131191 0.24400417101147026 0.4196350999131191 0.11261730969760167 0.4291920069504779 0.08863399374348278 0.4361424847958298
0 0.8654848800834202 0.421372719374457 0.8550573514077163 0.4300608166811468 0.8415015641293013 0.4274543874891399 0.8383733055265902 0.4300608166811468 0.8342022940563085 0.4283231972198089 0.8070907194994786 0.4317984361424848 0.799791449426486 0.4439617723718506 0.7966631908237747 0.4317984361424848 0.7789363920750781 0.43353605560382275 0.7726798748696558 0.4378801042571677 0.7685088633993743 0.4352736750651608 0.7674661105318039 0.4396177237185057 0.7591240875912408 0.44309296264118164 0.7299270072992701 0.44222415291051265 0.7226277372262773 0.4456993918331886 0.7205422314911366 0.45960034752389234 0.7653806047966631 0.46741963509991313 0.789363920750782 0.46655082536924414 0.7956204379562044 0.45960034752389234 0.8529718456725754 0.4656820156385752 0.8800834202294056 0.46307558644656827 0.9009384775808134 0.45786272806255435 0.9051094890510948 0.45438748913987836 0.9082377476538059 0.4283231972198089 0.9040667361835245 0.41702867072111205 0.9019812304483837 0.41702867072111205 0.8717413972888425 0.423110338835795 0.8654848800834202 0.421372719374457
0 0.2617309697601668 0.3344917463075586 0.24921793534932218 0.4022589052997394 0.24921793534932218 0.41615986099044316 0.2533889468196037 0.4187662901824501 0.36392075078206465 0.4291920069504779 0.39103232533889465 0.4283231972198089 0.39728884254431696 0.42397914856646396 0.40250260688216893 0.42484795829713295 0.3993743482794577 0.421372719374457 0.40458811261730965 0.4187662901824501 0.4087591240875912 0.4291920069504779 0.4233576642335766 0.43440486533449174 0.5526590198123045 0.4465682015638575 0.583941605839416 0.4439617723718506 0.5901981230448383 0.4491746307558645 0.6016684045881127 0.45178105994787143 0.6955161626694473 0.45960034752389234 0.6996871741397288 0.4561251086012164 0.7090719499478623 0.4317984361424848 0.7267987486965588 0.421372719374457 0.743482794577685 0.4178974804517811 0.7966631908237747 0.4144222415291051 0.8175182481751824 0.4109470026064292 0.8269030239833158 0.4066029539530843 0.8373305526590198 0.4100781928757602 0.862356621480709 0.4057341442224153 0.894681960375391 0.4057341442224153 0.9040667361835245 0.40399652476107734 0.9113660062565172 0.39183318853171156 0.9113660062565172 0.37619461337966986 0.9061522419186652 0.368375325803649 0.8143899895724713 0.36403127715030414 0.8112617309697601 0.36142484795829716 0.8091762252346193 0.34491746307558646 0.7966631908237747 0.33970460469157254 0.6089676746611052 0.33275412684622074 0.6027111574556829 0.3379669852302346 0.6006256517205422 0.3527367506516073 0.5943691345151199 0.35968722849695917 0.5891553701772679 0.3509991311902694 0.5881126173096975 0.3318853171155517 0.5755995828988529 0.32841007819287577 0.4223149113660062 0.3275412684622068 0.41710114702815426 0.33101650738488275 0.41501564129301355 0.34578627280625546 0.410844629822732 0.3492615117289314 0.40771637122002086 0.33014769765421376 0.40458811261730965 0.3275412684622068 0.2857142857142857 0.32493483927019984 0.2801532846715328 0.32493483927019984 0.26590198123044834 0.32580364900086883 0.2617309697601668 0.3344917463075586
2 0.8748696558915536 0.4100781928757602 0.8508863399374349 0.4109470026064292 0.8373305526590198 0.4144222415291051 0.8196037539103231 0.41268462206776724 0.7320125130344108 0.421372719374457 0.7299270072992701 0.42571676802780195 0.7267987486965588 0.42484795829713295 0.7122002085505735 0.4317984361424848 0.7007299270072992 0.45873153779322334 0.7007299270072992 0.5777584708948741 0.7049009384775807 0.6020851433536056 0.7028154327424401 0.6125108601216334 0.7059436913451511 0.6750651607298003 0.7132429614181438 0.6759339704604692 0.7174139728884253 0.6724587315377932 0.7163712200208551 0.5664639443961772 0.7194994786235662 0.5499565595134666 0.7163712200208551 0.5421372719374458 0.7153284671532847 0.45786272806255435 0.7205422314911366 0.4439617723718506 0.7267987486965588 0.4378801042571677 0.7476538060479666 0.4378801042571677 0.7549530761209593 0.43440486533449174 0.789363920750782 0.43266724587315386 0.8018769551616266 0.4274543874891399 0.8269030239833158 0.42571676802780195 0.8415015641293013 0.41702867072111205 0.843587069864442 0.4196350999131191 0.8581856100104275 0.4196350999131191 0.8654848800834202 0.41615986099044316 0.8738269030239832 0.4178974804517811 0.8759124087591241 0.41529105125977417 0.8998957247132429 0.4144222415291051 0.9144942648592282 0.4109470026064292 0.9144942648592282 0.40747176368375326 0.8905109489051094 0.40747176368375326 0.889468196037539 0.40747176368375326 0.8759124087591241 0.41268462206776724 0.8748696558915536 0.4100781928757602
4 0.19916579770594367 0.37271937445699393 0.1386861313868613 0.37619461337966986 0.10740354535974975 0.3831450912250217 0.0948905109489051 0.3979148566463945 0.0948905109489051 0.4300608166811468 0.10114702815432741 0.4283231972198089 0.1021897810218978 0.3987836663770635 0.10636079249217936 0.39183318853171156 0.11470281543274244 0.3866203301476977 0.21584984358706985 0.3822762814943528 0.2262773722627737 0.37793223284100785 0.2502606882168926 0.37793223284100785 0.25130344108446295 0.37185056472632494 0.24608967674661103 0.37185056472632494 0.2273201251303441 0.37445699391833187 0.19916579770594367 0.37271937445699393
3 0.20229405630865482 0.5569070373588184 0.20959332638164754 0.5577758470894875 0.21063607924921796 0.5360556038227628 0.20646506777893636 0.5343179843614249 0.20333680917622524 0.5343179843614249 0.20125130344108447 0.5534317984361425 0.20229405630865482 0.5569070373588184
3 0.7935349322210635 0.6029539530842746 0.8008342022940562 0.6029539530842746 0.802919708029197 0.5994787141615986 0.8018769551616266 0.578627280625543 0.7966631908237747 0.578627280625543 0.7924921793534931 0.58123370981755 0.7935349322210635 0.6029539530842746
3 0.8550573514077163 0.6020851433536056 0.862356621480709 0.6020851433536056 0.8644421272158498 0.5986099044309297 0.8633993743482794 0.5638575152041703 0.8581856100104275 0.5638575152041703 0.8540145985401459 0.5673327541268463 0.8550573514077163 0.6020851433536056
3 0.09801876955161626 0.5569070373588184 0.10427528675703857 0.5569070373588184 0.10427528675703857 0.5230234578627281 0.11366006256517205 0.5186794092093832 0.10114702815432741 0.5152041702867073 0.0948905109489051 0.5152041702867073 0.09593326381647549 0.5534317984361425 0.09801876955161626 0.5569070373588184
3 0.6767466110531803 0.6429192006950478 0.684045881126173 0.6429192006950478 0.6861313868613138 0.6403127715030409 0.6882168925964546 0.6159860990443093 0.6850886339937434 0.6116420503909644 0.6798748696558915 0.6116420503909644 0.6715328467153284 0.6125108601216334 0.6767466110531803 0.6429192006950478
9 0 0.9991311902693312 0.9989572471324296 0.9991311902693312 0.9989572471324296 0 0.9937267987486965 0 0 0 0 0.9991311902693312
