0 0.779296875 0.39041095890410954 0.7841796875 0.3958904109589041 0.78515625 0.4123287671232877 0.7822265625 0.41780821917808214 0.77734375 0.41780821917808214 0.7783203125 0.4397260273972602 0.7880859375 0.4493150684931507 0.7880859375 0.4684931506849315 0.8349609375 0.4917808219178082 0.8388671875 0.4890410958904109 0.837890625 0.3794520547945205 0.841796875 0.33835616438356164 0.787109375 0.34383561643835614 0.783203125 0.35205479452054794 0.7890625 0.3684931506849315 0.779296875 0.3767123287671233 0.7822265625 0.38493150684931504 0.779296875 0.39041095890410954
0 0.1455078125 0.4616438356164383 0.150390625 0.49726027397260275 0.1572265625 0.4904109589041096 0.16796875 0.4904109589041096 0.16796875 0.48219178082191777 0.173828125 0.4876712328767123 0.169921875 0.4780821917808219 0.1748046875 0.4794520547945205 0.177734375 0.4726027397260274 0.1796875 0.4849315068493151 0.18359375 0.48630136986301364 0.2333984375 0.4726027397260274 0.3193359375 0.4712328767123287 0.3486328125 0.4767123287671232 0.38671875 0.4931506849315069 0.439453125 0.4726027397260274 0.51171875 0.4684931506849315 0.5703125 0.47397260273972597 0.609375 0.49452054794520545 0.6572265625 0.47397260273972597 0.6611328125 0.4808219178082192 0.6708984375 0.48219178082191777 0.72265625 0.4726027397260274 0.76171875 0.4726027397260274 0.7646484375 0.43698630136986305 0.7587890625 0.3972602739726027 0.76171875 0.39315068493150684 0.76953125 0.39315068493150684 0.76171875 0.38767123287671235 0.7646484375 0.3794520547945205 0.7646484375 0.35205479452054794 0.7607421875 0.34520547945205476 0.7373046875 0.3465753424657534 0.73046875 0.35205479452054794 0.6748046875 0.35342465753424657 0.6591796875 0.34931506849315064 0.6474609375 0.33835616438356164 0.630859375 0.33698630136986296 0.6162109375 0.33013698630136984 0.5634765625 0.33835616438356164 0.560546875 0.31095890410958904 0.5341796875 0.32054794520547947 0.51171875 0.32328767123287666 0.4384765625 0.31232876712328766 0.4365234375 0.33698630136986296 0.4150390625 0.33698630136986296 0.3876953125 0.33013698630136984 0.3310546875 0.34520547945205476 0.2783203125 0.34520547945205476 0.2294921875 0.35753424657534244 0.169921875 0.35753424657534244 0.154296875 0.3616438356164383 0.1513671875 0.35753424657534244 0.13671875 0.35890410958904106 0.134765625 0.3643835616438356 0.1416015625 0.38630136986301367 0.140625 0.4 0.146484375 0.4315068493150685 0.1455078125 0.4616438356164383
4 0.0947265625 0.5726027397260274 0.0966796875 0.5767123287671232 0.123046875 0.5767123287671232 0.1240234375 0.536986301369863 0.146484375 0.5027397260273972 0.140625 0.4164383561643835 0.13671875 0.39863013698630134 0.1318359375 0.3972602739726027 0.09765625 0.4095890410958904 0.0947265625 0.41369863013698627 0.0947265625 0.5726027397260274
5 0.1337890625 0.5876712328767123 0.146484375 0.5890410958904109 0.3564453125 0.5876712328767123 0.375 0.5794520547945206 0.3837890625 0.5876712328767123 0.3916015625 0.5890410958904109 0.603515625 0.5890410958904109 0.6171875 0.5835616438356164 0.623046875 0.5684931506849316 0.6259765625 0.5821917808219178 0.640625 0.5890410958904109 0.8603515625 0.5890410958904109 0.8740234375 0.5671232876712329 0.87109375 0.5397260273972602 0.8583984375 0.5164383561643835 0.8212890625 0.48630136986301364 0.7958984375 0.4767123287671232 0.779296875 0.4808219178082192 0.7763671875 0.4767123287671232 0.720703125 0.4767123287671232 0.6748046875 0.4835616438356164 0.6640625 0.4890410958904109 0.654296875 0.48219178082191777 0.64453125 0.48219178082191777 0.6240234375 0.4917808219178082 0.6142578125 0.510958904109589 0.6025390625 0.4917808219178082 0.5859375 0.4808219178082192 0.5263671875 0.4712328767123287 0.48046875 0.4712328767123287 0.4150390625 0.4808219178082192 0.3955078125 0.4904109589041096 0.3828125 0.5068493150684932 0.37109375 0.4876712328767123 0.3291015625 0.47397260273972597 0.287109375 0.4712328767123287 0.236328125 0.47534246575342465 0.1845703125 0.4890410958904109 0.1572265625 0.5013698630136986 0.134765625 0.5191780821917809 0.125 0.5397260273972602 0.1259765625 0.5767123287671232 0.1337890625 0.5876712328767123
1 0.083984375 0.6575342465753424 0.1240234375 0.6520547945205479 0.5859375 0.6520547945205479 0.5966796875 0.6438356164383562 0.5966796875 0.6164383561643836 0.599609375 0.6123287671232877 0.697265625 0.6164383561643836 0.75390625 0.610958904109589 0.8427734375 0.610958904109589 0.869140625 0.6150684931506849 0.9208984375 0.610958904109589 0.9208984375 0.5972602739726027 0.9033203125 0.5794520547945206 0.873046875 0.5794520547945206 0.865234375 0.5917808219178082 0.693359375 0.5904109589041096 0.693359375 0.6136986301369862 0.6259765625 0.610958904109589 0.626953125 0.5904109589041096 0.1337890625 0.5904109589041096 0.1240234375 0.5780821917808219 0.1044921875 0.5767123287671232 0.09375 0.5794520547945206 0.078125 0.5945205479452055 0.0771484375 0.647945205479452 0.083984375 0.6575342465753424
2 0.849609375 0.5068493150684932 0.8583984375 0.5123287671232877 0.87109375 0.5356164383561643 0.8740234375 0.5506849315068493 0.873046875 0.5767123287671232 0.9013671875 0.5767123287671232 0.904296875 0.5726027397260274 0.9052734375 0.5232876712328767 0.904296875 0.41506849315068495 0.8994140625 0.4082191780821917 0.869140625 0.39452054794520547 0.841796875 0.3972602739726027 0.8427734375 0.49589041095890407 0.849609375 0.5068493150684932
3 0.8828125 0.6561643835616439 0.8828125 0.6643835616438356 0.8916015625 0.6575342465753424 0.8779296875 0.6547945205479452 0.8759765625 0.6575342465753424 0.8828125 0.6561643835616439
3 0.0966796875 0.6739726027397259 0.0947265625 0.6643835616438356 0.0986328125 0.6547945205479452 0.0810546875 0.6534246575342466 0.0771484375 0.6575342465753424 0.076171875 0.6917808219178082 0.0966796875 0.6739726027397259
3 0.9013671875 0.6616438356164382 0.9013671875 0.6739726027397259 0.908203125 0.6808219178082191 0.9140625 0.6808219178082191 0.9140625 0.6876712328767123 0.9208984375 0.6917808219178082 0.921875 0.6575342465753424 0.91796875 0.6534246575342466 0.90625 0.6534246575342466 0.896484375 0.6575342465753424 0.9013671875 0.6616438356164382
7 0 0.010958904109589041 0 0.9493150684931507 0.0029296875 0.9534246575342464 0.015625 0.9520547945205479 0.025390625 0.9561643835616438 0.0419921875 0.9520547945205479 0.04296875 0.9479452054794519 0.0517578125 0.9534246575342464 0.0576171875 0.9493150684931507 0.0654296875 0.9547945205479451 0.07421875 0.9506849315068493 0.080078125 0.9547945205479451 0.087890625 0.9698630136986301 0.083984375 0.9739726027397261 0.091796875 0.9767123287671232 0.0869140625 0.9794520547945205 0.080078125 0.9931506849315068 0.087890625 0.9972602739726026 0.1005859375 0.9958904109589041 0.10546875 0.9890410958904109 0.109375 0.9958904109589041 0.12109375 0.9958904109589041 0.1337890625 0.9876712328767123 0.1376953125 0.9958904109589041 0.16796875 0.9958904109589041 0.1748046875 0.9890410958904109 0.1796875 0.9945205479452055 0.185546875 0.9945205479452055 0.189453125 0.9890410958904109 0.1982421875 0.9958904109589041 0.2353515625 0.9958904109589041 0.2451171875 0.9890410958904109 0.2490234375 0.9958904109589041 0.267578125 0.9958904109589041 0.271484375 0.9904109589041095 0.2841796875 0.9945205479452055 0.2861328125 0.9890410958904109 0.2919921875 0.9958904109589041 0.341796875 0.9917808219178081 0.3623046875 0.9986301369863012 0.9990234375 0.9986301369863012 0.9990234375 0.7287671232876712 0.994140625 0.726027397260274 0.9775390625 0.7315068493150685 0.9599609375 0.726027397260274 0.9375 0.7287671232876712 0.931640625 0.7246575342465753 0.94140625 0.610958904109589 0.9990234375 0.610958904109589 0.9990234375 0.01643835616438356 0.99609375 0.00684931506849315 0.9775390625 0.0027397260273972603 0.953125 0.00684931506849315 0.935546875 0.0027397260273972603 0.912109375 0.00684931506849315 0.9072265625 0.0027397260273972603 0.87890625 0.0027397260273972603 0.8701171875 0.00684931506849315 0.8525390625 0.0027397260273972603 0.841796875 0.00684931506849315 0.8310546875 0.0027397260273972603 0.814453125 0.00684931506849315 0.791015625 0.0027397260273972603 0.7451171875 0.00684931506849315 0.7412109375 0.0027397260273972603 0.7041015625 0.00684931506849315 0.5771484375 0.00684931506849315 0.5751953125 0.0027397260273972603 0.5458984375 0.0027397260273972603 0.537109375 0.00684931506849315 0.5185546875 0.0027397260273972603 0.5087890625 0.00684931506849315 0.5 0.0027397260273972603 0.48046875 0.00684931506849315 0.44921875 0.0027397260273972603 0.4248046875 0.00684931506849315 0.244140625 0.00684931506849315 0.212890625 0.0027397260273972603 0.2060546875 0.00684931506849315 0.1328125 0.00684931506849315 0.115234375 0.0027397260273972603 0.091796875 0.00684931506849315 0.00390625 0.005479452054794521 0.0048828125 0.00821917808219178 0 0.010958904109589041
