5 0.306640625 0.7703583061889251 0.6923828125 0.7687296416938111 0.7041015625 0.758957654723127 0.7080078125 0.7345276872964169 0.7041015625 0.7117263843648208 0.6826171875 0.7035830618892508 0.6328125 0.7084690553745928 0.6279296875 0.7166123778501629 0.62109375 0.7084690553745928 0.61328125 0.7117263843648208 0.6048173828125 0.7280130293159609 0.599609375 0.7280130293159609 0.595703125 0.6921824104234529 0.5869140625 0.6889250814332248 0.453125 0.6905537459283388 0.4423828125 0.7003257328990228 0.3427734375 0.7052117263843648 0.3125 0.6954397394136808 0.2919921875 0.7133550488599348 0.29296875 0.757328990228013 0.306640625 0.7703583061889251
0 0.3369140625 0.5765472312703583 0.3662109375 0.5765472312703583 0.4248046875 0.5635179153094463 0.4345703125 0.5749185667752443 0.4296875 0.6742671009771988 0.44921875 0.6938110749185669 0.4658203125 0.6872964169381108 0.580078125 0.6872964169381108 0.6083984375 0.7247557003257329 0.6162109375 0.7133550488599348 0.6259765625 0.7247557003257329 0.62890625 0.7100977198697068 0.677734375 0.6547231270358307 0.68359375 0.6498371335504887 0.69921875 0.6547231270358307 0.7001953125 0.6433224755700326 0.6787109375 0.5423452768729642 0.671875 0.5342019543973942 0.3330078125 0.5325732899022801 0.3203125 0.5390879478827362 0.314453125 0.5618892508143323 0.318359375 0.5749185667752443 0.3369140625 0.5765472312703583
1 0.3203125 0.8029315960912052 0.609375 0.8061889250814332 0.7138671875 0.7996742671009772 0.7060546875 0.7915309446254072 0.6943359375 0.7931596091205212 0.6806640625 0.7817589576547231 0.6806640625 0.7719869706840391 0.31640625 0.7719869706840391 0.3046875 0.7785016286644951 0.3203125 0.8029315960912052
4 0.248046875 0.6579804560260587 0.2646484375 0.7703583061889251 0.275390625 0.7931596091205212 0.2958984375 0.7996742671009772 0.3037109375 0.7882736156351792 0.3046875 0.7785016286644951 0.294921875 0.7654723127035831 0.2880859375 0.7231270358306189 0.2919921875 0.7100977198697068 0.3076171875 0.6954397394136808 0.3017578125 0.6254071661237786 0.2890625 0.6172638436482085 0.251953125 0.6351791530944626 0.248046875 0.6416938110749186 0.248046875 0.6579804560260587
2 0.6982421875 0.7996742671009772 0.7197265625 0.7964169381107492 0.7333984375 0.7752442996742671 0.7431640625 0.7117263843648208 0.7333984375 0.7003257328990228 0.7373046875 0.6856677524429968 0.7421875 0.6872964169381108 0.748046875 0.6775244299674268 0.7509765625 0.6498371335504887 0.7509765625 0.6416938110749186 0.7451171875 0.6351791530944626 0.70703125 0.6188925081433225 0.7099609375 0.6433224755700326 0.6982421875 0.7996742671009772
3 0.6748046875 0.8420195439739414 0.6767578125 0.8550488599348535 0.6845703125 0.8550488599348535 0.6806640625 0.8306188925081434 0.6787109375 0.8420195439739414 0.6748046875 0.8420195439739414
3 0.2978515625 0.9006514657980457 0.306640625 0.8648208469055375 0.3115234375 0.8045602605863192 0.302734375 0.8029315960912052 0.298828125 0.8159609120521173 0.2998046875 0.8403908794788274 0.29296875 0.8664495114006515 0.2900390625 0.8957654723127036 0.2978515625 0.9006514657980457
3 0.3232421875 0.8550488599348535 0.3251953125 0.8061889250814332 0.31640625 0.8143322475570033 0.3173828125 0.8566775244299675 0.3232421875 0.8550488599348535
3 0.6962890625 0.8957654723127036 0.705078125 0.9006514657980457 0.7080078125 0.8957654723127036 0.701171875 0.8208469055374593 0.6982421875 0.8061889250814332 0.6884765625 0.8029315960912052 0.6865234375 0.8127035830618893 0.6962890625 0.8957654723127036
8 0.2666015625 0.7785016286644951 0.2734375 0.7931596091205212 0.2890625 0.8013029315960912 0.298828125 0.8192182410423453 0.291015625 0.8876221498371336 0.294921875 0.9006514657980457 0.3017578125 0.8925081433224756 0.30859375 0.8534201954397395 0.322265625 0.8517915309446255 0.3291015625 0.8078175895765473 0.3486328125 0.8013029315960912 0.4931640625 0.7996742671009772 0.6689453125 0.8013029315960912 0.677734375 0.8485342019543974 0.681640625 0.8387622149837134 0.69140625 0.8420195439739414 0.6962890625 0.8583061889250815 0.6982421875 0.8957654723127036 0.7041015625 0.8973941368078177 0.7060546875 0.8876221498371336 0.6982421875 0.8159609120521173 0.73046875 0.7833876221498371 0.7412109375 0.7231270358306189 0.734375 0.7117263843648208 0.7353515625 0.6791530944625408 0.7451171875 0.6807817589576548 0.75 0.6644951140065147 0.7490234375 0.6384364820846906 0.7109375 0.6205211726384365 0.693359375 0.6042345276872965 0.681640625 0.5488599348534202 0.673828125 0.5325732899022801 0.328125 0.5325732899022801 0.3203125 0.5390879478827362 0.310546875 0.5667752442996743 0.3115234375 0.5798045602605864 0.3017578125 0.6156351791530945 0.27734375 0.6221498371335505 0.248046875 0.6416938110749186 0.248046875 0.6644951140065147 0.2666015625 0.7785016286644951
