7 0.0732421875 0.7038123167155426 0.0732421875 0.7961876832844574 0.076171875 0.8079178885630499 0.0859375 0.8079178885630499 0.0908203125 0.7991202346041056 0.0869140625 0.7800586510263929 0.087890625 0.7096774193548387 0.1298828125 0.7008797653958945 0.142578125 0.7067448680351907 0.16015625 0.7038123167155426 0.1630859375 0.7302052785923754 0.16796875 0.7331378299120235 0.1748046875 0.7302052785923754 0.1748046875 0.718475073313783 0.1630859375 0.7082111436950147 0.18359375 0.7008797653958945 0.2431640625 0.7008797653958945 0.2529296875 0.7052785923753666 0.2685546875 0.7008797653958945 0.3232421875 0.7052785923753666 0.509765625 0.7008797653958945 0.54296875 0.7052785923753666 0.546875 0.7008797653958945 0.5869140625 0.7023460410557185 0.591796875 0.6979472140762464 0.5986328125 0.7052785923753666 0.59765625 0.717008797653959 0.6162109375 0.7214076246334311 0.66796875 0.717008797653959 0.677734375 0.7214076246334311 0.6982421875 0.7140762463343109 0.7041015625 0.7199413489736071 0.7265625 0.7140762463343109 0.732421875 0.7199413489736071 0.8115234375 0.7199413489736071 0.8173828125 0.7155425219941349 0.8271484375 0.7360703812316716 0.8310546875 0.7331378299120235 0.8349609375 0.718475073313783 0.841796875 0.7228739002932552 0.904296875 0.718475073313783 0.908203125 0.7580645161290323 0.9072265625 0.8049853372434018 0.9169921875 0.8093841642228738 0.9208984375 0.8079178885630499 0.9228515625 0.8005865102639296 0.921875 0.7360703812316716 0.9228515625 0.7199413489736071 0.92578125 0.717008797653959 0.923828125 0.7126099706744868 0.9287109375 0.7096774193548387 0.92578125 0.6979472140762464 0.92578125 0.6671554252199414 0.927734375 0.6392961876832846 0.931640625 0.6334310850439884 0.927734375 0.6275659824046922 0.92578125 0.5982404692082112 0.927734375 0.46920821114369504 0.9228515625 0.4574780058651027 0.8232421875 0.45601173020527863 0.8193359375 0.43988269794721413 0.8134765625 0.43401759530791795 0.6142578125 0.4325513196480939 0.60546875 0.4384164222873901 0.587890625 0.4325513196480939 0.4033203125 0.4325513196480939 0.388671875 0.4384164222873901 0.380859375 0.43401759530791795 0.2216796875 0.4325513196480939 0.181640625 0.435483870967742 0.173828125 0.4574780058651027 0.09375 0.45601173020527863 0.0693359375 0.46041055718475077 0.068359375 0.6906158357771262 0.0732421875 0.7038123167155426
0 0.177734375 0.5718475073313783 0.5859375 0.5747800586510264 0.60546875 0.5689149560117303 0.6123046875 0.5747800586510264 0.80859375 0.5747800586510264 0.822265625 0.5689149560117303 0.822265625 0.5102639296187683 0.8310546875 0.5161290322580646 0.8349609375 0.5043988269794721 0.8271484375 0.5 0.82421875 0.5073313782991202 0.8203125 0.4941348973607038 0.8203125 0.48533724340175954 0.82421875 0.4809384164222874 0.8203125 0.4809384164222874 0.818359375 0.4413489736070382 0.8134765625 0.435483870967742 0.6103515625 0.43401759530791795 0.60546875 0.4413489736070382 0.58984375 0.43401759530791795 0.3974609375 0.43401759530791795 0.390625 0.4457478005865103 0.388671875 0.4384164222873901 0.3837890625 0.435483870967742 0.19921875 0.43401759530791795 0.1787109375 0.4384164222873901 0.1748046875 0.4780058651026393 0.173828125 0.5425219941348974 0.177734375 0.5718475073313783
4 0.07421875 0.7008797653958945 0.103515625 0.6994134897360704 0.1064453125 0.6920821114369502 0.103515625 0.6627565982404693 0.107421875 0.6554252199413491 0.1044921875 0.6304985337243403 0.107421875 0.6085043988269795 0.115234375 0.5982404692082112 0.1328125 0.5982404692082112 0.150390625 0.5909090909090909 0.1689453125 0.5762463343108505 0.1689453125 0.5146627565982405 0.1728515625 0.4618768328445748 0.1689453125 0.4574780058651027 0.10546875 0.45601173020527863 0.0712890625 0.4589442815249267 0.068359375 0.46334310850439886 0.0693359375 0.6920821114369502 0.07421875 0.7008797653958945
2 0.826171875 0.4897360703812317 0.826171875 0.5762463343108505 0.8349609375 0.5850439882697948 0.892578125 0.6099706744868035 0.892578125 0.621700879765396 0.8896484375 0.6260997067448681 0.8935546875 0.6598240469208212 0.890625 0.6686217008797655 0.890625 0.6920821114369502 0.900390625 0.6935483870967742 0.90234375 0.6994134897360704 0.921875 0.6964809384164223 0.9248046875 0.6788856304985338 0.9228515625 0.6436950146627567 0.92578125 0.6334310850439884 0.9228515625 0.6158357771260998 0.92578125 0.6099706744868035 0.9267578125 0.5527859237536658 0.9248046875 0.4589442815249267 0.826171875 0.45601173020527863 0.822265625 0.46041055718475077 0.8232421875 0.4838709677419355 0.826171875 0.4897360703812317
5 0.1103515625 0.6392961876832846 0.1103515625 0.6554252199413491 0.1201171875 0.6583577712609971 0.185546875 0.6554252199413491 0.3369140625 0.6598240469208212 0.357421875 0.6568914956011731 0.365234375 0.6495601173020529 0.3740234375 0.6554252199413491 0.4072265625 0.6598240469208212 0.583984375 0.6568914956011731 0.595703125 0.6495601173020529 0.59765625 0.6260997067448681 0.6025390625 0.6304985337243403 0.611328125 0.62316715542522 0.640625 0.6290322580645162 0.6494140625 0.6392961876832846 0.6533203125 0.6348973607038124 0.6611328125 0.6363636363636365 0.6640625 0.6422287390029326 0.666015625 0.6407624633431086 0.662109375 0.6378299120234605 0.6787109375 0.6334310850439884 0.6865234375 0.6260997067448681 0.6884765625 0.6392961876832846 0.6953125 0.6436950146627567 0.6943359375 0.652492668621701 0.703125 0.6642228739002933 0.708984375 0.6554252199413491 0.880859375 0.6583577712609971 0.88671875 0.6568914956011731 0.888671875 0.6480938416422288 0.888671875 0.6187683284457479 0.8857421875 0.6114369501466277 0.8759765625 0.6114369501466277 0.869140625 0.6041055718475073 0.865234375 0.6070381231671554 0.8623046875 0.6011730205278593 0.82421875 0.5835777126099707 0.7900390625 0.5791788856304986 0.6298828125 0.5791788856304986 0.6123046875 0.5806451612903226 0.609375 0.5865102639296188 0.5673828125 0.5791788856304986 0.4501953125 0.5835777126099707 0.4169921875 0.5806451612903226 0.3837890625 0.5879765395894428 0.37890625 0.5821114369501467 0.3603515625 0.5791788856304986 0.2041015625 0.5791788856304986 0.162109375 0.5865102639296188 0.12890625 0.6041055718475073 0.119140625 0.6011730205278593 0.109375 0.6129032258064517 0.107421875 0.6334310850439884 0.1103515625 0.6392961876832846
1 0.1103515625 0.6994134897360704 0.1201171875 0.7008797653958945 0.5927734375 0.7008797653958945 0.5966796875 0.6979472140762464 0.59765625 0.6832844574780059 0.6005859375 0.6832844574780059 0.6044921875 0.6876832844574781 0.6025390625 0.6979472140762464 0.6123046875 0.7038123167155426 0.611328125 0.6950146627565983 0.609375 0.6994134897360704 0.6064453125 0.6906158357771262 0.619140625 0.6774193548387097 0.625 0.6832844574780059 0.625 0.6730205278592376 0.6337890625 0.68475073313783 0.630859375 0.6744868035190617 0.6240234375 0.6715542521994136 0.630859375 0.6671554252199414 0.65625 0.6686217008797655 0.654296875 0.6788856304985338 0.640625 0.6832844574780059 0.642578125 0.686217008797654 0.65234375 0.6832844574780059 0.6591796875 0.6715542521994136 0.6650390625 0.6803519061583578 0.66796875 0.6788856304985338 0.6669921875 0.6686217008797655 0.6767578125 0.6700879765395895 0.671875 0.6891495601173021 0.6787109375 0.6818181818181819 0.6796875 0.6906158357771262 0.68359375 0.6920821114369502 0.6806640625 0.7023460410557185 0.6845703125 0.6935483870967742 0.6875 0.6979472140762464 0.685546875 0.7023460410557185 0.6923828125 0.7008797653958945 0.69921875 0.6832844574780059 0.7060546875 0.6935483870967742 0.708984375 0.6876832844574781 0.7216796875 0.686217008797654 0.72265625 0.6906158357771262 0.7138671875 0.7023460410557185 0.71875 0.6979472140762464 0.71875 0.7023460410557185 0.7236328125 0.7038123167155426 0.7255859375 0.6876832844574781 0.73046875 0.6818181818181819 0.7373046875 0.6906158357771262 0.7412109375 0.68475073313783 0.748046875 0.6950146627565983 0.748046875 0.7023460410557185 0.888671875 0.6994134897360704 0.8876953125 0.6671554252199414 0.8857421875 0.6612903225806452 0.87890625 0.6598240469208212 0.708984375 0.6583577712609971 0.7021484375 0.6642228739002933 0.7021484375 0.6568914956011731 0.6201171875 0.6686217008797655 0.6162109375 0.6730205278592376 0.607421875 0.6686217008797655 0.6015625 0.6744868035190617 0.58984375 0.6612903225806452 0.564453125 0.6583577712609971 0.404296875 0.6583577712609971 0.369140625 0.6598240469208212 0.36328125 0.6642228739002933 0.359375 0.6598240469208212 0.1083984375 0.6612903225806452 0.1083984375 0.6950146627565983 0.1103515625 0.6994134897360704
3 0.8310546875 0.7346041055718475 0.83203125 0.7111436950146628 0.8232421875 0.7096774193548387 0.822265625 0.7331378299120235 0.8310546875 0.7346041055718475
3 0.1728515625 0.7346041055718475 0.1748046875 0.7067448680351907 0.1640625 0.7067448680351907 0.1630859375 0.7316715542521994 0.1728515625 0.7346041055718475
3 0.076171875 0.8093841642228738 0.0849609375 0.8093841642228738 0.0888671875 0.8035190615835777 0.087890625 0.7186085043988271 0.0947265625 0.7067448680351907 0.087890625 0.7111436950146628 0.0869140625 0.7038123167155426 0.0732421875 0.7052785923753666 0.0732421875 0.8035190615835777 0.076171875 0.8093841642228738
3 0.91015625 0.8093841642228738 0.9189453125 0.8093841642228738 0.921875 0.8064516129032258 0.9228515625 0.7903225806451613 0.9228515625 0.7316715542521994 0.9189453125 0.717008797653959 0.9208984375 0.7067448680351907 0.9130859375 0.7038123167155426 0.90625 0.7096774193548387 0.90625 0.8020527859237537 0.91015625 0.8093841642228738
