5 0.1923828125 0.8194444444444444 0.8623046875 0.8246527777777779 0.869140625 0.8159722222222223 0.869140625 0.763888888888889 0.873046875 0.7569444444444444 0.8681640625 0.7378472222222222 0.8525390625 0.717013888888889 0.8388671875 0.7118055555555556 0.8359375 0.7048611111111112 0.8203125 0.7083333333333334 0.8115234375 0.7048611111111112 0.806640625 0.6961805555555556 0.802734375 0.701388888888889 0.7939453125 0.6909722222222222 0.7890625 0.7083333333333334 0.78125 0.7065972222222222 0.7887373046875 0.6909722222222222 0.7763671875 0.6996527777777778 0.7783203125 0.6909722222222222 0.7578125 0.732638888888889 0.7119140625 0.732638888888889 0.71484375 0.7222222222222222 0.708984375 0.71875 0.7099609375 0.7291666666666667 0.7060546875 0.734375 0.654296875 0.734375 0.634765625 0.7291666666666667 0.626953125 0.7291666666666667 0.6240234375 0.734375 0.5986328125 0.734375 0.595703125 0.7100694444444444 0.59765625 0.6944444444444444 0.6025390625 0.6892361111111112 0.5986328125 0.6927083333333334 0.591796875 0.6840277777777778 0.578125 0.6822916666666667 0.5390625 0.6822916666666667 0.5322265625 0.6736111111111112 0.5224609375 0.6736111111111112 0.515625 0.6805555555555556 0.4580078125 0.6822916666666667 0.423828125 0.6944444444444444 0.3974609375 0.6805555555555556 0.314453125 0.685763888888889 0.30859375 0.6770833333333334 0.298828125 0.6753472222222222 0.22265625 0.7065972222222222 0.2041015625 0.703125 0.181640625 0.7256944444444444 0.181640625 0.8020833333333334 0.1923828125 0.8194444444444444
0 0.37109375 0.5989583333333334 0.380859375 0.5989583333333334 0.3837890625 0.6180555555555556 0.3916015625 0.6128472222222222 0.390625 0.6041666666666667 0.396484375 0.607638888888889 0.396484375 0.6284722222222222 0.390625 0.640625 0.39453125 0.640625 0.396484375 0.6493055555555556 0.3896484375 0.654513888888889 0.3955078125 0.6579861111111112 0.3857421875 0.6753472222222222 0.390625 0.671875 0.3955078125 0.6770833333333334 0.3974609375 0.6684027777777778 0.400390625 0.6753472222222222 0.416015625 0.6666666666666667 0.4189453125 0.5954861111111112 0.416015625 0.545138888888889 0.341796875 0.545138888888889 0.33988715277777776 0.5638117283950617 0.357421875 0.5677083333333334 0.3583984375 0.5746527777777778 0.3701171875 0.5677083333333334 0.3759765625 0.5902777777777778 0.37109375 0.5989583333333334
0 0.1826171875 0.5989583333333334 0.1923828125 0.6059027777777778 0.2041015625 0.6319444444444444 0.2119140625 0.6944444444444444 0.2177734375 0.703125 0.3046875 0.671875 0.3115234375 0.6649305555555556 0.314453125 0.6510416666666667 0.310546875 0.6302083333333334 0.3125 0.5868055555555556 0.3115234375 0.5555555555555556 0.30859375 0.5486111111111112 0.255859375 0.5625 0.1748046875 0.5538194444444444 0.1708984375 0.576388888888889 0.1826171875 0.5989583333333334
0 0.5185546875 0.671875 0.5361328125 0.670138888888889 0.5400390625 0.6597222222222222 0.53515625 0.5954861111111112 0.5390625 0.5868055555555556 0.6005859375 0.5902777777777778 0.6044921875 0.5989583333333334 0.619140625 0.6006944444444444 0.630859375 0.592013888888889 0.6328125 0.5833333333333334 0.650390625 0.5833333333333334 0.6572265625 0.5885416666666667 0.6923828125 0.5746527777777778 0.6953125 0.5868055555555556 0.6943359375 0.6163194444444444 0.7041015625 0.623263888888889 0.6953125 0.6493055555555556 0.703125 0.671875 0.7490234375 0.6788194444444444 0.7568359375 0.6753472222222222 0.7587890625 0.6666666666666667 0.7626953125 0.6753472222222222 0.7734375 0.6822916666666667 0.8271484375 0.6979166666666667 0.833984375 0.6909722222222222 0.8310546875 0.6649305555555556 0.833984375 0.6197916666666667 0.8486328125 0.5659722222222222 0.8447265625 0.5555555555555556 0.7578125 0.5625 0.701171875 0.545138888888889 0.6953125 0.545138888888889 0.6884765625 0.5572916666666667 0.6845703125 0.5486111111111112 0.513671875 0.5486111111111112 0.509765625 0.5815972222222222 0.509765625 0.6458333333333334 0.5185546875 0.671875
4 0.189453125 0.845486111111111 0.1884765625 0.8229166666666667 0.1796875 0.8038194444444444 0.1796875 0.7309027777777778 0.1953125 0.7083333333333334 0.208984375 0.701388888888889 0.2041015625 0.6440972222222222 0.1943359375 0.6128472222222222 0.1845703125 0.6041666666666667 0.146484375 0.6128472222222222 0.1396484375 0.625 0.140625 0.84375 0.189453125 0.845486111111111
2 0.8359375 0.701388888888889 0.857421875 0.717013888888889 0.8701171875 0.7378472222222222 0.87109375 0.8090277777777779 0.8642578125 0.828125 0.8642578125 0.8524305555555556 0.9111328125 0.8489583333333334 0.912109375 0.7916666666666667 0.9091796875 0.7829861111111112 0.9130859375 0.7743055555555556 0.912109375 0.625 0.9052734375 0.6163194444444444 0.8515625 0.6006944444444444 0.8408203125 0.6006944444444444 0.8349609375 0.6111111111111112 0.8330078125 0.6440972222222222 0.8359375 0.701388888888889
1 0.19140625 0.8211805555555556 0.19140625 0.8472222222222223 0.2353515625 0.8506944444444444 0.6447001560867793 0.8520104134011228 0.646484375 0.826388888888889 0.19140625 0.8211805555555556
1 0.8447265625 0.828125 0.70703125 0.826388888888889 0.707999688215879 0.8522139079789943 0.775390625 0.8524305555555556 0.8427734375 0.857638888888889 0.8603515625 0.8506944444444444 0.859375 0.8315972222222223 0.8447265625 0.828125
7 0 0.998263888888889 0.9990234375 0.998263888888889 0.9990234375 0.6876927083333333 0.99609375 0.6805555555555556 0.9990234375 0.6788194444444444 0.9853515625 0.670138888888889 0.98828125 0.6614583333333334 0.986328125 0.65625 0.9912109375 0.65625 0.98828125 0.5954861111111112 0.9990234375 0.5954861111111112 0.9990234375 0 0 0 0 0.998263888888889
3 0.162109375 0.8524305555555556 0.166015625 0.8541666666666667 0.1669921875 0.8559027777777779 0.1806640625 0.8559027777777779 0.1845703125 0.8524305555555556 0.18359375 0.8489583333333334 0.162109375 0.8489583333333334 0.162109375 0.8524305555555556
3 0.8515625 0.8628472222222223 0.853515625 0.8628472222222223 0.8544921875 0.8645833333333334 0.8701171875 0.8645833333333334 0.873046875 0.861111111111111 0.873046875 0.857638888888889 0.8515625 0.857638888888889 0.8505859375 0.859375 0.8515625 0.8628472222222223
3 0.6240234375 0.857638888888889 0.6259765625 0.861111111111111 0.6279296875 0.861111111111111 0.62890625 0.8628472222222223 0.630859375 0.8628472222222223 0.6318359375 0.861111111111111 0.6357421875 0.8628472222222223 0.6376953125 0.8628472222222223 0.638671875 0.861111111111111 0.6455078125 0.861111111111111 0.6474609375 0.857638888888889 0.646484375 0.8541666666666667 0.64453125 0.8524305555555556 0.6383466796875 0.8524305555555556 0.634765625 0.861111111111111 0.6321611328125 0.8524305555555556 0.6259765625 0.8524305555555556 0.6240234375 0.8559027777777779 0.6240234375 0.857638888888889
3 0.396484375 0.8559027777777779 0.400390625 0.859375 0.4140625 0.859375 0.4150390625 0.857638888888889 0.419921875 0.857638888888889 0.4208984375 0.8559027777777779 0.419921875 0.8524305555555556 0.41796875 0.8524305555555556 0.4169921875 0.8506944444444444 0.396484375 0.8506944444444444 0.396484375 0.8559027777777779
