5 0.310546875 0.7785016286644951 0.6943359375 0.7801302931596091 0.716796875 0.7752442996742671 0.720703125 0.7654723127035831 0.7197265625 0.7361563517915309 0.705078125 0.7231270358306189 0.6611328125 0.7084690553745928 0.5458984375 0.7100977198697068 0.490234375 0.7035830618892508 0.4580078125 0.7117263843648208 0.4560546875 0.7231270358306189 0.4375 0.7231270358306189 0.4169921875 0.7084690553745928 0.3623046875 0.7052117263843648 0.330078125 0.7100977198697068 0.291015625 0.7345276872964169 0.2919921875 0.7719869706840391 0.310546875 0.7785016286644951
0 0.326171875 0.6644951140065147 0.326171875 0.6807817589576548 0.3203125 0.6954397394136808 0.330078125 0.7068403908794788 0.3984375 0.7019543973941368 0.443359375 0.7182410423452769 0.4794921875 0.7019543973941368 0.515625 0.7003257328990228 0.5751953125 0.7149837133550488 0.6083984375 0.6986970684039088 0.6220703125 0.6742671009771988 0.63671875 0.6758957654723128 0.6484375 0.6661237785016287 0.6650390625 0.6693811074918568 0.6669921875 0.6775244299674268 0.671875 0.6775244299674268 0.673828125 0.6628664495114007 0.6953125 0.6596091205211727 0.697265625 0.6514657980456027 0.6962890625 0.6384364820846906 0.6826171875 0.6205211726384365 0.68359375 0.5879478827361564 0.662109375 0.5863192182410424 0.654296875 0.5586319218241043 0.6318359375 0.5667752442996743 0.6015625 0.5635179153094463 0.578125 0.5700325732899023 0.5654296875 0.5814332247557004 0.419189453125 0.5814332247557004 0.40234375 0.5700325732899023 0.3837890625 0.5798045602605864 0.357421875 0.5749185667752443 0.32421875 0.5814332247557004 0.3203125 0.5879478827361564 0.3203125 0.6547231270358307 0.326171875 0.6644951140065147
4 0.306640625 0.8273615635179153 0.2939453125 0.8208469055374593 0.2841796875 0.7980456026058632 0.291015625 0.7817589576547231 0.2890625 0.7361563517915309 0.3115234375 0.7166123778501629 0.3173828125 0.6563517915309447 0.2998046875 0.6530944625407167 0.259765625 0.6824104234527688 0.26171875 0.8257328990228013 0.306640625 0.8273615635179153
2 0.6884765625 0.6710097719869708 0.6904296875 0.6775244299674268 0.705078125 0.6824104234527688 0.7099609375 0.6921824104234529 0.7197265625 0.6921824104234529 0.734375 0.6775244299674268 0.728515625 0.6677524429967427 0.7021484375 0.6596091205211727 0.6884765625 0.6644951140065147 0.6884765625 0.6710097719869708
2 0.71484375 0.7785016286644951 0.7275390625 0.7980456026058632 0.728515625 0.8078175895765473 0.720703125 0.8241042345276873 0.703125 0.8273615635179153 0.744140625 0.8273615635179153 0.748046875 0.7084690553745928 0.7314453125 0.7035830618892508 0.689453125 0.7084690553745928 0.7158203125 0.7328990228013029 0.71484375 0.7785016286644951
8 0.2685546875 0.8566775244299675 0.271484375 0.8550488599348535 0.271484375 0.8355048859934854 0.291015625 0.8289902280130294 0.69921875 0.8273615635179153 0.7333984375 0.8306188925081434 0.7373046875 0.8338762214983714 0.73828125 0.8452768729641694 0.7412109375 0.8289902280130294 0.7451171875 0.8273615635179153 0.7470703125 0.7100977198697068 0.7333984375 0.7052117263843648 0.728515625 0.6905537459283388 0.72265625 0.6889250814332248 0.7236328125 0.7052117263843648 0.71875 0.7084690553745928 0.701171875 0.7052117263843648 0.6650390625 0.7117263843648208 0.6533203125 0.7068403908794788 0.6142578125 0.7084690553745928 0.59765625 0.6970684039087948 0.5947265625 0.6856677524429968 0.5947265625 0.5977198697068404 0.6103515625 0.5944625407166124 0.607421875 0.5895765472312704 0.6083984375 0.5700325732899023 0.5810546875 0.5732899022801303 0.572265625 0.5814332247557004 0.41015625 0.5830618892508144 0.404296875 0.5749185667752443 0.3212890625 0.5830618892508144 0.2607421875 0.6807817589576548 0.259765625 0.8061889250814332 0.2685546875 0.8566775244299675
1 0.26171875 0.8273615635179153 0.2744140625 0.8306188925081434 0.734375 0.8306188925081434 0.7451171875 0.8257328990228013 0.744140625 0.8029315960912052 0.7265625 0.7931596091205212 0.7197265625 0.7817589576547231 0.291015625 0.7817589576547231 0.267578125 0.8061889250814332 0.26171875 0.8159609120521173 0.26171875 0.8273615635179153
3 0.7421875 0.8338762214983714 0.7373046875 0.8322475570032574 0.73828125 0.8697068403908795 0.7421875 0.8338762214983714
3 0.3037109375 0.8615635179153095 0.3037109375 0.8420195439739414 0.2998046875 0.8387622149837134 0.2978515625 0.8583061889250815 0.3037109375 0.8615635179153095
3 0.271484375 0.8713355048859935 0.2724609375 0.8371335504885994 0.2685546875 0.8338762214983714 0.267578125 0.8648208469055375 0.271484375 0.8713355048859935
