0 0.09947916666666666 0.2385542168674699 0.09947916666666666 0.25421686746987954 0.10364583333333333 0.26746987951807233 0.0984375 0.30843373493975906 0.09947916666666666 0.32168674698795185 0.103125 0.327710843373494 0.12395833333333334 0.4240963855421687 0.1265625 0.4590361445783133 0.1328125 0.4807228915662651 0.1546875 0.46746987951807234 0.1828125 0.46144578313253015 0.3071614583333333 0.455421686746988 0.34322916666666664 0.46506024096385545 0.3625 0.4843373493975904 0.3703125 0.48674698795180726 0.37447916666666664 0.47831325301204825 0.39166666666666666 0.46506024096385545 0.4244791666666667 0.45301204819277113 0.5707755208333333 0.4518072289156627 0.6125 0.46385542168674704 0.6348958333333333 0.4879518072289157 0.6614583333333334 0.4626506024096386 0.6859375 0.45301204819277113 0.7723958333333333 0.45301204819277113 0.8333333333333334 0.4590361445783133 0.853125 0.46385542168674704 0.8739583333333333 0.4771084337349398 0.8817708333333333 0.4048192771084338 0.884375 0.4 0.8953125 0.34337349397590367 0.9109375 0.30000000000000004 0.9036458333333334 0.263855421686747 0.9067708333333333 0.25180722891566265 0.9072916666666666 0.21445783132530122 0.9093749999999999 0.2132530120481928 0.9093749999999999 0.1951807228915663 0.9114583333333334 0.17228915662650604 0.9140625 0.16506024096385544 0.9140625 0.15060240963855423 0.9078125 0.13614457831325302 0.8765625 0.13855421686746988 0.8697916666666666 0.13373493975903616 0.8546874999999999 0.13493975903614458 0.8375 0.12289156626506025 0.8182291666666667 0.10120481927710845 0.8 0.09156626506024097 0.7567708333333333 0.11445783132530121 0.7463541666666667 0.11325301204819278 0.6994791666666667 0.0927710843373494 0.6776041666666667 0.0746987951807229 0.6541666666666667 0.06385542168674699 0.6260416666666666 0.06385542168674699 0.6088541666666667 0.0746987951807229 0.5875 0.08072289156626507 0.5390625 0.06506024096385543 0.50625 0.06987951807228916 0.46979166666666666 0.06506024096385543 0.409375 0.0819277108433735 0.396875 0.0783132530120482 0.3802083333333333 0.06626506024096386 0.35572916666666665 0.06506024096385543 0.334375 0.07349397590361446 0.26666666666666666 0.11566265060240966 0.24166666666666667 0.11686746987951808 0.21302083333333333 0.10240963855421688 0.1984375 0.10120481927710845 0.18385416666666665 0.11084337349397591 0.1578125 0.13855421686746988 0.10260416666666666 0.14578313253012049 0.09583333333333333 0.15060240963855423 0.0921875 0.1602409638554217 0.09166666666666666 0.1746987951807229 0.09947916666666666 0.2385542168674699
5 0.08541666666666667 0.6000000000000001 0.08645833333333333 0.6168674698795181 0.08333333333333333 0.6301204819277109 0.0765625 0.6361445783132531 0.08072916666666667 0.6349397590361446 0.08489583333333334 0.6445783132530121 0.0890625 0.6457831325301205 0.08854166666666667 0.6590361445783133 0.0921875 0.691566265060241 0.1671875 0.6987951807228916 0.8348958333333333 0.6951807228915663 0.8937499999999999 0.691566265060241 0.9036458333333334 0.6855421686746989 0.9098958333333333 0.6590361445783133 0.9140625 0.5710843373493977 0.9083333333333333 0.5481927710843374 0.8890625 0.5216867469879518 0.8880208333333334 0.5072289156626506 0.884375 0.49759036144578317 0.8677083333333333 0.47951807228915666 0.8416666666666667 0.46506024096385545 0.7614583333333333 0.45662650602409643 0.6864583333333333 0.45662650602409643 0.6619791666666667 0.46506024096385545 0.6463541666666667 0.47590361445783136 0.6390625 0.49638554216867475 0.634375 0.5024096385542169 0.6223958333333334 0.47951807228915666 0.6104166666666666 0.46626506024096387 0.59375 0.4590361445783133 0.5557291666666666 0.45421686746987955 0.425 0.455421686746988 0.39375 0.46626506024096387 0.36666666666666664 0.49759036144578317 0.3578125 0.4807228915662651 0.3463541666666667 0.46867469879518076 0.315625 0.45783132530120485 0.1640625 0.46626506024096387 0.1390625 0.47951807228915666 0.11770833333333333 0.5012048192771085 0.1046875 0.5301204819277109 0.0859375 0.555421686746988 0.08333333333333333 0.5674698795180724 0.0875 0.5951807228915663 0.08541666666666667 0.6000000000000001
1 0.07760416666666667 0.8072289156626506 0.08125 0.8204819277108435 0.090625 0.810843373493976 0.1 0.8096385542168676 0.11510416666666666 0.8156626506024097 0.1328125 0.8120481927710844 0.1671875 0.8421686746987953 0.18697916666666667 0.8409638554216868 0.20260416666666667 0.855421686746988 0.20729166666666665 0.8506024096385543 0.209375 0.8590361445783133 0.7932291666666667 0.8590361445783133 0.7994791666666666 0.846987951807229 0.8072916666666666 0.8457831325301206 0.8114583333333333 0.83855421686747 0.8291666666666666 0.8409638554216868 0.8677083333333333 0.8084337349397591 0.8973958333333333 0.8120481927710844 0.9072916666666666 0.8072289156626506 0.9197916666666667 0.8144578313253013 0.9223958333333333 0.8096385542168676 0.9234375 0.746987951807229 0.9234375 0.7313253012048193 0.9213541666666667 0.7253012048192772 0.9119791666666667 0.7204819277108434 0.9067708333333333 0.710843373493976 0.9041666666666667 0.6975903614457832 0.8984375 0.6951807228915663 0.7296875 0.7000000000000001 0.6598958333333333 0.6939759036144579 0.64375 0.6879518072289157 0.6302083333333334 0.6939759036144579 0.546875 0.6987951807228916 0.41510416666666666 0.6975903614457832 0.3541666666666667 0.691566265060241 0.3254463541666667 0.6975903614457832 0.24114583333333334 0.7024096385542169 0.0953125 0.6987951807228916 0.090625 0.719277108433735 0.07760416666666667 0.730120481927711 0.0796875 0.7674698795180723 0.07760416666666667 0.8072289156626506
8 0.027604166666666666 0.4951807228915663 0.017708333333333333 0.49397590361445787 0.010416666666666666 0.4879518072289157 0.0046875 0.47590361445783136 0 0.47469879518072294 0 0.9987951807228916 0.052083333333333336 0.9987951807228916 0.052083333333333336 0.9686746987951808 0.059375 0.946987951807229 0.058333333333333334 0.8975903614457832 0.049479166666666664 0.8204819277108435 0.05416666666666667 0.7614457831325302 0.051041666666666666 0.7409638554216869 0.04739583333333333 0.7313253012048193 0.04375 0.6879518072289157 0.04635416666666667 0.6361445783132531 0.05625 0.5530120481927712 0.05625 0.5132530120481928 0.05364583333333333 0.4843373493975904 0.050520833333333334 0.47469879518072294 0.046875 0.4734939759036145 0.036458333333333336 0.491566265060241 0.027604166666666666 0.4951807228915663
3 0.051041666666666666 0.4626506024096386 0.0546875 0.47590361445783136 0.058333333333333334 0.5096385542168675 0.057291666666666664 0.5578313253012048 0.04635416666666667 0.6506024096385543 0.0453125 0.6891566265060242 0.04895833333333333 0.7313253012048193 0.05572916666666666 0.7626506024096387 0.051041666666666666 0.7951807228915664 0.051041666666666666 0.8240963855421688 0.06197916666666667 0.9337349397590362 0.058333333333333334 0.9542168674698795 0.05364583333333333 0.9638554216867471 0.05416666666666667 0.9855421686746989 0.05625 0.991566265060241 0.0640625 0.991566265060241 0.07447916666666667 0.9674698795180724 0.07708333333333334 0.9481927710843374 0.08020833333333333 0.8228915662650603 0.07708333333333334 0.8096385542168676 0.07760416666666667 0.766265060240964 0.07395833333333333 0.7096385542168675 0.0703125 0.5397590361445783 0.07239583333333333 0.5180722891566265 0.06927083333333334 0.5132530120481928 0.06770833333333333 0.4590361445783133 0.0609375 0.43253012048192774 0.04583333333333333 0.4120481927710844 0.0296875 0.41807228915662653 0.029166666666666667 0.4518072289156627 0.051041666666666666 0.4626506024096386
4 0.004166666666666667 0.46024096385542174 0.0067708333333333336 0.4734939759036145 0.013541666666666667 0.48674698795180726 0.021875 0.491566265060241 0.0328125 0.48915662650602415 0.04583333333333333 0.46867469879518076 0.05260416666666667 0.46626506024096387 0.05416666666666667 0.46987951807228917 0.058333333333333334 0.5012048192771085 0.059895833333333336 0.536144578313253 0.057291666666666664 0.5771084337349398 0.06197916666666667 0.5831325301204819 0.06666666666666667 0.610843373493976 0.0625 0.6253012048192772 0.053125 0.6265060240963856 0.05364583333333333 0.6325301204819278 0.0515625 0.6361445783132531 0.057812499999999996 0.6481927710843374 0.058854166666666666 0.6710843373493977 0.06822916666666666 0.6795180722891567 0.06979166666666667 0.7072289156626507 0.07291666666666667 0.7072289156626507 0.07760416666666667 0.7216867469879519 0.08802083333333333 0.7180722891566266 0.0921875 0.7060240963855422 0.08229166666666667 0.6156626506024097 0.08541666666666667 0.6060240963855422 0.08489583333333334 0.5626506024096386 0.090625 0.5421686746987953 0.10625 0.5253012048192771 0.11510416666666666 0.5 0.12552083333333333 0.4879518072289157 0.12760416666666666 0.46987951807228917 0.121875 0.419277108433735 0.10729166666666666 0.3493975903614458 0.09479166666666666 0.31566265060240967 0.08229166666666667 0.30000000000000004 0.078125 0.30120481927710846 0.027604166666666666 0.3493975903614458 0.014583333333333334 0.3698795180722892 0.004166666666666667 0.4108433734939759 0.0020833333333333333 0.4373493975903615 0.004166666666666667 0.46024096385542174
8 0.6552083333333333 0.9493975903614459 0.6552083333333333 0.9662650602409639 0.6526041666666667 0.9795180722891567 0.6526041666666667 0.9939759036144579 0.6552083333333333 0.9987951807228916 0.9307291666666666 0.9987951807228916 0.9338541666666667 0.9939759036144579 0.9270833333333334 0.9722891566265061 0.9208333333333333 0.9301204819277109 0.9208333333333333 0.8518072289156627 0.91875 0.8397590361445784 0.9203125 0.8240963855421688 0.9119791666666667 0.8144578313253013 0.9078125 0.8144578313253013 0.9067708333333333 0.819277108433735 0.9098958333333333 0.83855421686747 0.9098958333333333 0.8734939759036146 0.9036458333333334 0.8783132530120483 0.8979166666666667 0.8771084337349399 0.8921875 0.8602409638554218 0.8885416666666667 0.819277108433735 0.8734375 0.8120481927710844 0.8520833333333333 0.8204819277108435 0.8484375 0.8240963855421688 0.8484375 0.8301204819277109 0.8223958333333333 0.8457831325301206 0.8125 0.8445783132530121 0.79453125 0.8638554216867471 0.7859375 0.8638554216867471 0.7739583333333333 0.8481927710843374 0.7401041666666667 0.8397590361445784 0.7125 0.8156626506024097 0.6887151041666667 0.819277108433735 0.6713541666666667 0.8144578313253013 0.6640625 0.8204819277108435 0.6598958333333333 0.8337349397590362 0.6552083333333333 0.8987951807228917 0.6557291666666667 0.919277108433735 0.653125 0.9301204819277109 0.6526041666666667 0.9457831325301206 0.6552083333333333 0.9493975903614459
3 0.8989583333333333 0.8734939759036146 0.9052083333333333 0.8759036144578314 0.9078125 0.8686746987951808 0.9083333333333333 0.8518072289156627 0.9052083333333333 0.83855421686747 0.9041666666666667 0.8120481927710844 0.9005208333333333 0.8096385542168676 0.8932291666666666 0.8144578313253013 0.8942708333333333 0.8566265060240965 0.8989583333333333 0.8734939759036146
2 0.8802083333333334 0.48674698795180726 0.8880208333333334 0.49638554216867475 0.9015624999999999 0.5337349397590362 0.9109375 0.5433734939759036 0.9151041666666666 0.5566265060240965 0.9161458333333333 0.5734939759036145 0.9072916666666666 0.683132530120482 0.9093749999999999 0.710843373493976 0.9182291666666667 0.7204819277108434 0.9239583333333333 0.7204819277108434 0.9249999999999999 0.7132530120481928 0.9286458333333333 0.719277108433735 0.9302083333333333 0.7036144578313254 0.9328124999999999 0.7024096385542169 0.9302083333333333 0.6927710843373495 0.9317708333333333 0.6734939759036145 0.9385416666666666 0.6710843373493977 0.9307291666666666 0.6626506024096386 0.9307291666666666 0.6397590361445784 0.9427083333333334 0.6373493975903615 0.9442708333333333 0.6325301204819278 0.94375 0.6265060240963856 0.9380208333333333 0.6253012048192772 0.9359375 0.6180722891566266 0.9390625 0.5927710843373495 0.94375 0.5879518072289157 0.9421875 0.5843373493975904 0.9427083333333334 0.5602409638554218 0.9401041666666666 0.5216867469879518 0.94375 0.46987951807228917 0.9484374999999999 0.45662650602409643 0.9661458333333334 0.48313253012048196 0.9817708333333334 0.48554216867469885 0.9895833333333334 0.4771084337349398 0.996875 0.4481927710843374 0.9973958333333334 0.419277108433735 0.9947916666666666 0.391566265060241 0.9874999999999999 0.3662650602409639 0.9708333333333333 0.3385542168674699 0.9307291666666666 0.30000000000000004 0.9213541666666667 0.2987951807228916 0.9145833333333333 0.30361445783132535 0.9083333333333333 0.31566265060240967 0.8947916666666667 0.3530120481927711 0.8781249999999999 0.4481927710843374 0.8770833333333333 0.4771084337349398 0.8802083333333334 0.48674698795180726
8 0.06666666666666667 0.9987951807228916 0.3458333333333333 0.9987951807228916 0.34739583333333335 0.9939759036144579 0.3442708333333333 0.9638554216867471 0.3463541666666667 0.9421686746987953 0.3442708333333333 0.8927710843373495 0.3380208333333333 0.8277108433734941 0.3328125 0.8180722891566266 0.3260416666666667 0.8144578313253013 0.30885416666666665 0.8180722891566266 0.28802083333333334 0.8156626506024097 0.2604166666666667 0.8373493975903615 0.19427083333333334 0.8530120481927712 0.18229166666666666 0.8457831325301206 0.16145833333333334 0.8433734939759037 0.13072916666666667 0.8156626506024097 0.11822916666666666 0.8204819277108435 0.11354166666666667 0.8481927710843374 0.1 0.8397590361445784 0.1 0.8204819277108435 0.096875 0.8156626506024097 0.08958333333333333 0.8168674698795182 0.0796875 0.8313253012048194 0.0796875 0.9445783132530121 0.06666666666666667 0.9987951807228916
3 0.0984375 0.8686746987951808 0.10104166666666667 0.8771084337349399 0.10625 0.8771084337349399 0.11197916666666667 0.8614457831325302 0.11510416666666666 0.8204819277108435 0.1015625 0.819277108433735 0.09791666666666667 0.8530120481927712 0.0984375 0.8686746987951808
8 0.9536458333333333 0.627710843373494 0.9572916666666667 0.6771084337349398 0.9536458333333333 0.7228915662650603 0.9505208333333334 0.7445783132530122 0.9473958333333333 0.7518072289156628 0.946875 0.7614457831325302 0.9510416666666667 0.7710843373493976 0.9520833333333333 0.8120481927710844 0.9510416666666667 0.8409638554216868 0.9442708333333333 0.8759036144578314 0.9421875 0.9397590361445783 0.9505208333333334 0.9590361445783133 0.9484374999999999 0.9819277108433736 0.9494791666666667 0.9987951807228916 0.9994791666666667 0.9987951807228916 0.9994791666666667 0.46987951807228917 0.9911458333333333 0.47590361445783136 0.9854166666666666 0.48674698795180726 0.9776041666666666 0.48915662650602415 0.9635416666666666 0.48554216867469885 0.959375 0.48192771084337355 0.9562499999999999 0.46987951807228917 0.9489583333333333 0.46746987951807234 0.9447916666666667 0.4879518072289157 0.9432291666666667 0.527710843373494 0.9442708333333333 0.5578313253012048 0.9536458333333333 0.627710843373494
3 0.3463541666666667 0.9036144578313254 0.34739583333333335 0.9337349397590362 0.3453125 0.9638554216867471 0.3489583333333333 0.9903614457831326 0.3572916666666667 0.991566265060241 0.359375 0.9891566265060242 0.36354166666666665 0.9626506024096386 0.3640625 0.8903614457831326 0.3692708333333333 0.8228915662650603 0.3640625 0.7686746987951808 0.35885416666666664 0.7530120481927711 0.35 0.7530120481927711 0.3421875 0.7807228915662652 0.3385416666666667 0.8216867469879519 0.3463541666666667 0.9036144578313254
8 0.6354166666666666 0.9987951807228916 0.6385416666666667 0.9939759036144579 0.6338541666666666 0.9518072289156627 0.6354166666666666 0.9277108433734941 0.6317708333333333 0.8674698795180724 0.6239583333333333 0.8337349397590362 0.6239583333333333 0.8216867469879519 0.6161458333333333 0.8132530120481929 0.6041666666666666 0.8180722891566266 0.5807291666666666 0.8132530120481929 0.559375 0.8228915662650603 0.5572916666666666 0.8204819277108435 0.5567708333333333 0.8253012048192772 0.4895833333333333 0.8566265060240965 0.4744791666666667 0.8445783132530121 0.4510416666666667 0.8421686746987953 0.421875 0.8156626506024097 0.38645833333333335 0.819277108433735 0.384375 0.8445783132530121 0.371875 0.8542168674698796 0.3703125 0.8734939759036146 0.36822916666666666 0.8759036144578314 0.3645833333333333 0.9457831325301206 0.36666666666666664 0.955421686746988 0.36354166666666665 0.9734939759036145 0.3640625 0.9987951807228916 0.6354166666666666 0.9987951807228916
3 0.6302083333333334 0.8445783132530121 0.6338541666666666 0.8759036144578314 0.6359375 0.919277108433735 0.6348958333333333 0.9638554216867471 0.6385416666666667 0.9855421686746989 0.646875 0.9903614457831326 0.6505208333333333 0.9843373493975904 0.6536458333333334 0.9614457831325302 0.6510416666666666 0.9457831325301206 0.6598958333333333 0.8168674698795182 0.6578125 0.810843373493976 0.65625 0.7783132530120482 0.6489583333333333 0.7518072289156628 0.640625 0.7506024096385543 0.6338541666666666 0.7698795180722893 0.6286458333333333 0.8180722891566266 0.628125 0.8409638554216868 0.6302083333333334 0.8445783132530121
3 0.9328124999999999 0.536144578313253 0.9375 0.5481927710843374 0.93125 0.5590361445783133 0.9276041666666667 0.5771084337349398 0.9307291666666666 0.6156626506024097 0.9307291666666666 0.6542168674698796 0.9286458333333333 0.7024096385542169 0.9255208333333333 0.7156626506024097 0.9260416666666667 0.730120481927711 0.9229166666666666 0.7614457831325302 0.9234375 0.8048192771084338 0.9208333333333333 0.8204819277108435 0.9208333333333333 0.8710843373493977 0.9255208333333333 0.9626506024096386 0.9354166666666667 0.9879518072289157 0.9390625 0.9903614457831326 0.9447916666666667 0.9879518072289157 0.9473958333333333 0.974698795180723 0.946875 0.9602409638554218 0.9395833333333333 0.9421686746987953 0.9390625 0.9265060240963856 0.9494791666666667 0.8216867469879519 0.95 0.7963855421686747 0.9453125 0.7746987951807229 0.9447916666666667 0.7578313253012049 0.9515625 0.7180722891566266 0.9541666666666666 0.6819277108433736 0.953125 0.6457831325301205 0.9401041666666666 0.5301204819277109 0.9453125 0.46746987951807234 0.946875 0.4626506024096386 0.9640624999999999 0.45783132530120485 0.9692708333333333 0.45060240963855425 0.9703125 0.45421686746987955 0.9718749999999999 0.427710843373494 0.9703125 0.41445783132530123 0.959375 0.4060240963855422 0.9526041666666667 0.4072289156626506 0.94375 0.41807228915662653 0.9348958333333334 0.43975903614457834 0.9296875 0.47228915662650606 0.9307291666666666 0.5 0.9265625 0.5325301204819277 0.928125 0.5397590361445783 0.9328124999999999 0.536144578313253
8 0.5307291666666667 0.010843373493975905 0.54375 0.016867469879518072 0.5703125 0.042168674698795185 0.584375 0.04939759036144579 0.6078125 0.04819277108433735 0.6286458333333333 0.03132530120481928 0.6401041666666667 0.030120481927710847 0.6578125 0.03614457831325302 0.7369791666666666 0.08313253012048194 0.7625 0.08313253012048194 0.7869791666666667 0.06746987951807229 0.7994791666666666 0.06506024096385543 0.8203125 0.07228915662650603 0.8479166666666667 0.09879518072289158 0.8739583333333333 0.10481927710843375 0.9083333333333333 0.10361445783132531 0.9213541666666667 0.10843373493975905 0.9291666666666667 0.11686746987951808 0.9354166666666667 0.14096385542168677 0.9338541666666667 0.1746987951807229 0.9296875 0.1891566265060241 0.9307291666666666 0.22891566265060243 0.9239583333333333 0.27228915662650605 0.9255208333333333 0.28433734939759037 0.9447916666666667 0.3096385542168675 0.9770833333333333 0.3409638554216868 0.9921875 0.3674698795180723 0.996875 0.3855421686746988 0.9994791666666667 0.3879518072289157 0.9994791666666667 0 0.5390625 0 0.5307291666666667 0.006024096385542169 0.5291666666666667 0.0072289156626506035 0.5307291666666667 0.010843373493975905
8 0 0.4204819277108434 0.00625 0.3843373493975904 0.019791666666666666 0.3566265060240964 0.03333333333333333 0.3373493975903615 0.057812499999999996 0.31807228915662655 0.08125 0.29277108433734944 0.0828125 0.27710843373493976 0.075 0.23012048192771087 0.07760416666666667 0.20722891566265061 0.07135416666666666 0.17228915662650604 0.07135416666666666 0.15060240963855423 0.0734375 0.13373493975903616 0.07760416666666667 0.12289156626506025 0.08489583333333334 0.11445783132530121 0.15520833333333334 0.10722891566265061 0.17239583333333333 0.09518072289156627 0.18854166666666666 0.07590361445783134 0.2015625 0.06987951807228916 0.22291666666666665 0.0746987951807229 0.2453125 0.08795180722891567 0.2640625 0.08795180722891567 0.35625 0.03493975903614458 0.3755208333333333 0.033734939759036145 0.39947916666666666 0.050602409638554224 0.4192708333333333 0.051807228915662654 0.434375 0.04337349397590362 0.46249999999999997 0.01566265060240964 0.4791666666666667 0.004819277108433735 0.4708333333333333 0 0 0 0 0.4204819277108434
