5 0.2373046875 0.7931596091205212 0.244140625 0.8241042345276873 0.2490234375 0.8273615635179153 0.3837890625 0.8241042345276873 0.6181640625 0.8306188925081434 0.65234375 0.8143322475570033 0.6494140625 0.7719869706840391 0.6376953125 0.752442996742671 0.59765625 0.741042345276873 0.55078125 0.741042345276873 0.5146484375 0.750814332247557 0.4775390625 0.739413680781759 0.4296875 0.739413680781759 0.3896484375 0.749185667752443 0.3271484375 0.737785016286645 0.275390625 0.750814332247557 0.2490234375 0.7719869706840391 0.248046875 0.7817589576547231 0.2373046875 0.7931596091205212
0 0.33984375 0.737785016286645 0.388671875 0.747557003257329 0.4609375 0.7361563517915309 0.5224609375 0.747557003257329 0.5439453125 0.739413680781759 0.5595703125 0.7133550488599348 0.556640625 0.6482084690553747 0.55078125 0.6416938110749186 0.32421875 0.6433224755700326 0.328125 0.7231270358306189 0.33984375 0.737785016286645
4 0.2265625 0.8485342019543974 0.23828125 0.8485342019543974 0.244140625 0.8224755700325733 0.2421875 0.7915309446254072 0.2607421875 0.7345276872964169 0.2470703125 0.6530944625407167 0.236328125 0.6530944625407167 0.22265625 0.6677524429967427 0.22265625 0.8420195439739414 0.2265625 0.8485342019543974
2 0.615234375 0.6188925081433225 0.6474609375 0.6335504885993486 0.6572265625 0.6302931596091206 0.654296875 0.6058631921824105 0.6474609375 0.6107491856677525 0.6220703125 0.6058631921824105 0.6220703125 0.6140065146579805 0.615234375 0.6188925081433225
2 0.6416015625 0.6872964169381108 0.67578125 0.6775244299674268 0.67578125 0.6710097719869708 0.666015625 0.6612377850162867 0.6279296875 0.6677524429967427 0.6220703125 0.6775244299674268 0.6416015625 0.6872964169381108
2 0.640625 0.744299674267101 0.65234375 0.7801302931596091 0.654296875 0.8501628664495114 0.6650390625 0.8517915309446255 0.6728515625 0.8403908794788274 0.6728515625 0.7117263843648208 0.66796875 0.7052117263843648 0.6474609375 0.7052117263843648 0.640625 0.7068403908794788 0.640625 0.744299674267101
8 0.2255859375 0.8485342019543974 0.2490234375 0.8583061889250815 0.244140625 0.9120521172638437 0.2509765625 0.9055374592833877 0.2529296875 0.8648208469055375 0.2626953125 0.8534201954397395 0.2685546875 0.8566775244299675 0.2724609375 0.8697068403908795 0.28125 0.8534201954397395 0.3017578125 0.8517915309446255 0.5537109375 0.8550488599348535 0.625 0.8501628664495114 0.638671875 0.8534201954397395 0.64453125 0.9104234527687297 0.650390625 0.9104234527687297 0.646484375 0.8566775244299675 0.65625 0.8485342019543974 0.66796875 0.8485342019543974 0.671875 0.8371335504885994 0.6689453125 0.760586319218241 0.671875 0.7361563517915309 0.6259765625 0.7280130293159609 0.6123046875 0.737785016286645 0.6103515625 0.7296416938110749 0.59765625 0.7280130293159609 0.595703125 0.6563517915309447 0.583984375 0.6465798045602607 0.58203125 0.6514657980456027 0.5654296875 0.6433224755700326 0.2783203125 0.6416938110749186 0.2412109375 0.6498371335504887 0.224609375 0.6628664495114007 0.22265625 0.6710097719869708 0.22265625 0.8306188925081434 0.2255859375 0.8485342019543974
3 0.2724609375 0.8729641693811075 0.2763671875 0.8550488599348535 0.2705078125 0.8566775244299675 0.2685546875 0.8697068403908795 0.2724609375 0.8729641693811075
3 0.2490234375 0.9136807817589577 0.2568359375 0.8517915309446255 0.248046875 0.8550488599348535 0.2451171875 0.8745928338762216 0.2421875 0.9104234527687297 0.2490234375 0.9136807817589577
3 0.640625 0.8811074918566776 0.6435546875 0.9104234527687297 0.650390625 0.9136807817589577 0.646484375 0.8583061889250815 0.640625 0.8517915309446255 0.634765625 0.8550488599348535 0.6328125 0.8664495114006515 0.640625 0.8811074918566776
