5 0.13034410844629823 0.4769765421372719 0.11678832116788321 0.473501303214596 0.10531803962460898 0.47610773240660303 0.09697601668404587 0.48827106863596875 0.09906152241918664 0.5430060816681147 0.10114702815432741 0.5421372719374458 0.10427528675703857 0.5464813205907906 0.12200208550573513 0.5499565595134666 0.20333680917622524 0.5543006081668115 0.4765380604796663 0.5777584708948741 0.48488008342022937 0.5777584708948741 0.4880083420229405 0.5742832319721981 0.49635036496350365 0.5734144222415292 0.49426485922836283 0.5777584708948741 0.5026068821689259 0.580364900086881 0.5526590198123045 0.582102519548219 0.5620437956204379 0.5847089487402259 0.7726798748696558 0.6012163336229366 0.8008342022940562 0.6029539530842746 0.8039624608967675 0.6003475238922676 0.8050052137643379 0.532580364900087 0.8008342022940562 0.5178105994787142 0.7935349322210635 0.5143353605560382 0.7726798748696558 0.5186794092093832 0.762252346193952 0.5178105994787142 0.7559958289885297 0.5108601216333624 0.7497393117831074 0.49609035621198966 0.7518248175182481 0.4908774978279757 0.748696558915537 0.48827106863596875 0.6631908237747653 0.4856646394439618 0.6287799791449425 0.4900086880973067 0.6016684045881127 0.48827106863596875 0.5985401459854014 0.4908774978279757 0.5954118873826902 0.48392701998262383 0.5745568300312826 0.4804517810599479 0.483837330552659 0.4726324934839271 0.44942648592283624 0.4726324934839271 0.3868613138686131 0.47871416159860997 0.38269030239833157 0.47610773240660303 0.37643378519290926 0.47871416159860997 0.3680917622523462 0.47610773240660303 0.3618352450469239 0.4813205907906169 0.3482794577685088 0.48305821025195483 0.3472367049009385 0.4726324934839271 0.35870698644421267 0.47002606429192006 0.34515119916579773 0.46655082536924414 0.32012513034410844 0.46828844483058213 0.3159541188738269 0.46307558644656827 0.3003128258602711 0.4613379669852303 0.2419186652763295 0.45960034752389234 0.2408759124087591 0.45873153779322334 0.17831074035453595 0.4656820156385752 0.13034410844629823 0.4769765421372719
0 0.6538060479666319 0.39530842745438755 0.656934306569343 0.39183318853171156 0.6600625651720542 0.3970460469157255 0.6538060479666319 0.4013900955690704 0.6444212721584984 0.4387489139878367 0.6465067778936391 0.4491746307558645 0.6423357664233575 0.4526498696785405 0.6402502606882169 0.4639443961772372 0.6402502606882169 0.4813205907906169 0.643378519290928 0.4847958297132928 0.689259645464025 0.4813205907906169 0.7267987486965588 0.4847958297132928 0.7476538060479666 0.48305821025195483 0.7549530761209593 0.4856646394439618 0.7591240875912408 0.47523892267593404 0.7601668404588112 0.48740225890529976 0.7632950990615224 0.4908774978279757 0.7612095933263816 0.4943527367506516 0.7580813347236705 0.4908774978279757 0.7612095933263816 0.49609035621198966 0.7580813347236705 0.5004344048653345 0.7601668404588112 0.5117289313640313 0.7653806047966631 0.5152041702867073 0.7768508863399374 0.5152041702867073 0.7789363920750781 0.5125977410947004 0.7904066736183524 0.5117289313640313 0.7956204379562044 0.5082536924413554 0.7956204379562044 0.5047784535186794 0.799791449426486 0.5039096437880104 0.799791449426486 0.4978279756733276 0.7935349322210635 0.4978279756733276 0.7945776850886339 0.48913987836663775 0.799791449426486 0.4856646394439618 0.8008342022940562 0.4648132059079062 0.8070907194994786 0.4474370112945265 0.8175182481751824 0.44222415291051265 0.8133472367049009 0.4396177237185057 0.8102189781021897 0.44309296264118164 0.8039624608967675 0.43266724587315386 0.8039624608967675 0.4283231972198089 0.8091762252346193 0.42484795829713295 0.8070907194994786 0.421372719374457 0.8102189781021897 0.4196350999131191 0.8175182481751824 0.42484795829713295 0.816475495307612 0.42050390964378803 0.8279457768508862 0.422241529105126 0.8519290928050051 0.4196350999131191 0.859228362877998 0.4283231972198089 0.8540145985401459 0.4300608166811468 0.8519290928050051 0.42571676802780195 0.8508863399374349 0.4300608166811468 0.8467153284671532 0.4317984361424848 0.8446298227320124 0.44222415291051265 0.8571428571428571 0.44222415291051265 0.8644421272158498 0.4387489139878367 0.862356621480709 0.4309296264118158 0.8665276329509906 0.4317984361424848 0.867570385818561 0.4370112945264987 0.8706986444212721 0.4361424847958298 0.8706986444212721 0.4283231972198089 0.8654848800834202 0.422241529105126 0.8654848800834202 0.3970460469157255 0.8686131386861314 0.3961772371850565 0.8654848800834202 0.3831450912250217 0.8571428571428571 0.3822762814943528 0.8561001042752867 0.3866203301476977 0.848800834202294 0.38835794960903564 0.8383733055265902 0.3848827106863597 0.8342022940563085 0.3874891398783667 0.8331595411887383 0.3831450912250217 0.8508863399374349 0.3796698523023458 0.7778936392075078 0.37880104257167685 0.7716371220020855 0.3848827106863597 0.7695516162669447 0.3822762814943528 0.7737226277372262 0.3796698523023458 0.7705943691345151 0.37880104257167685 0.7674661105318039 0.3822762814943528 0.7653806047966631 0.37880104257167685 0.7653806047966631 0.3848827106863597 0.7539103232533889 0.38401390095569077 0.7507820646506778 0.3874891398783667 0.748696558915537 0.38401390095569077 0.743482794577685 0.3857515204170287 0.7382690302398331 0.3796698523023458 0.7403545359749739 0.37793223284100785 0.7445255474452555 0.3814074717636838 0.7473979633369642 0.3774186984648875 0.7038581856100103 0.3753258036490009 0.6996871741397288 0.37271937445699393 0.6652763295099061 0.370112945264987 0.6631908237747653 0.370112945264987 0.6558915537017727 0.37271937445699393 0.6590198123044838 0.3866203301476977 0.6548488008342023 0.38922675933970463 0.6538060479666319 0.39530842745438755
0 0.25130344108446295 0.36403127715030414 0.23879040667361834 0.39357080799304955 0.23566214807090718 0.41268462206776724 0.23044838373305526 0.41702867072111205 0.2200208550573514 0.39530842745438755 0.20959332638164754 0.38922675933970463 0.1522419186652763 0.39096437880104257 0.11574556830031282 0.3866203301476977 0.10844629822732013 0.3979148566463945 0.10844629822732013 0.41615986099044316 0.11887382690302398 0.47089487402258906 0.1251303441084463 0.474370112945265 0.1334723670490094 0.474370112945265 0.18561001042752867 0.4613379669852303 0.23044838373305526 0.4569939183318853 0.26277372262773724 0.4569939183318853 0.32429614181439 0.4613379669852303 0.40563086548488003 0.474370112945265 0.4139728884254431 0.4656820156385752 0.424400417101147 0.4274543874891399 0.43065693430656926 0.42050390964378803 0.42544316996871745 0.46655082536924414 0.4316996871741397 0.47176368375325806 0.5495307612095932 0.474370112945265 0.5557872784150156 0.4769765421372719 0.5808133472367049 0.47784535186794097 0.6225234619395204 0.48740225890529976 0.6298227320125129 0.4813205907906169 0.6412930135557873 0.3866203301476977 0.6412930135557873 0.37358818418766293 0.6360792492179353 0.369244135534318 0.4608967674661105 0.36403127715030414 0.4525547445255474 0.3657688966116421 0.4473409801876955 0.37271937445699393 0.44108446298227316 0.39530842745438755 0.4337851929092805 0.4005212858384014 0.43065693430656926 0.3970460469157255 0.43795620437956206 0.369244135534318 0.43065693430656926 0.36403127715030414 0.3691345151199166 0.36055603822762816 0.3096976016684046 0.36142484795829716 0.27424400417101147 0.35794960903562123 0.26903023983315955 0.35794960903562123 0.2586027111574557 0.35794960903562123 0.25130344108446295 0.36403127715030414
2 0.8873826903023982 0.4352736750651608 0.8779979144942649 0.4396177237185057 0.8519290928050051 0.4456993918331886 0.8175182481751824 0.4456993918331886 0.8060479666319083 0.4569939183318853 0.802919708029197 0.4900086880973067 0.8091762252346193 0.6055603822762816 0.8227320125130344 0.6055603822762816 0.9040667361835245 0.5603822762814944 0.9113660062565172 0.5534317984361425 0.9155370177267986 0.530842745438749 0.9176225234619395 0.4387489139878367 0.9113660062565172 0.42571676802780195 0.9019812304483837 0.4196350999131191 0.8998957247132429 0.4196350999131191 0.8915537017726798 0.422241529105126 0.8873826903023982 0.4352736750651608
4 0.08133472367049009 0.4196350999131191 0.08446298227320125 0.5186794092093832 0.08967674661105317 0.5464813205907906 0.09384775808133472 0.5499565595134666 0.1021897810218978 0.5499565595134666 0.09593326381647549 0.5021720243266725 0.09697601668404587 0.48392701998262383 0.10427528675703857 0.47523892267593404 0.11574556830031282 0.4691572545612511 0.10636079249217936 0.4100781928757602 0.09384775808133472 0.40834057341442226 0.08863399374348278 0.40834057341442226 0.08446298227320125 0.4109470026064292 0.08133472367049009 0.4196350999131191
3 0.5015641293013555 0.5907906168549089 0.5036496350364963 0.58123370981755 0.49530761209593327 0.580364900086881 0.49426485922836283 0.579496090356212 0.49426485922836283 0.5899218071242398 0.5015641293013555 0.5907906168549089
3 0.8686131386861314 0.5968722849695917 0.8748696558915536 0.5942658557775847 0.8727841501564129 0.580364900086881 0.8717413972888425 0.580364900086881 0.8665276329509906 0.5847089487402259 0.8686131386861314 0.5968722849695917
3 0.26903023983315955 0.5838401390095569 0.27528675703858185 0.579496090356212 0.2721584984358707 0.5629887054735013 0.26798748696558916 0.5629887054735013 0.264859228362878 0.5777584708948741 0.26903023983315955 0.5838401390095569
3 0.1261730969760167 0.5847089487402259 0.13451511991657977 0.582971329278888 0.132429614181439 0.5508253692441356 0.12825860271115747 0.5508253692441356 0.1251303441084463 0.5525629887054736 0.1261730969760167 0.5847089487402259
3 0.7831074035453598 0.637706342311034 0.7862356621480708 0.6420503909643789 0.7935349322210635 0.6420503909643789 0.7945776850886339 0.6072980017376195 0.7872784150156413 0.6038227628149435 0.7862356621480708 0.6029539530842746 0.7831074035453598 0.6046915725456126 0.7831074035453598 0.637706342311034
9 0 0.9991311902693312 0.9989572471324296 0.9991311902693312 0.9989572471324296 0 0.9937267987486965 0 0 0 0 0.9991311902693312
