5 0.11261730969760167 0.5369244135534318 0.11887382690302398 0.5386620330147698 0.26798748696558916 0.5534317984361425 0.7674661105318039 0.5699391833188532 0.7778936392075078 0.5647263249348393 0.7862356621480708 0.5464813205907906 0.7831074035453598 0.5013032145960035 0.7111574556830031 0.47176368375325806 0.24817518248175183 0.45091225021720244 0.12304483837330552 0.46741963509991313 0.09906152241918664 0.4769765421372719 0.10010427528675703 0.5117289313640313 0.11261730969760167 0.5369244135534318
0 0.25130344108446295 0.35447437011294525 0.2419186652763295 0.3866203301476977 0.19395203336809175 0.39183318853171156 0.11574556830031282 0.39357080799304955 0.11470281543274244 0.4005212858384014 0.1251303441084463 0.421372719374457 0.13764337851929093 0.46220677671589927 0.14285714285714285 0.4648132059079062 0.1532846715328467 0.4639443961772372 0.1751824817518248 0.45786272806255435 0.23044838373305526 0.4491746307558645 0.26903023983315955 0.4483058210251955 0.3816475495307612 0.45786272806255435 0.4692387904066736 0.45786272806255435 0.5797705943691345 0.4648132059079062 0.5985401459854014 0.46828844483058213 0.6339937434827945 0.46655082536924414 0.7299270072992701 0.47089487402258906 0.7320125130344108 0.49695916594265854 0.7507820646506778 0.4978279756733276 0.7789363920750781 0.48913987836663775 0.7820646506777893 0.4804517810599479 0.7831074035453598 0.45091225021720244 0.7904066736183524 0.44222415291051265 0.8206465067778936 0.4352736750651608 0.8373305526590198 0.4352736750651608 0.886339937434828 0.4283231972198089 0.8925964546402503 0.3979148566463945 0.8925964546402503 0.37098175499565594 0.8821689259645463 0.36055603822762816 0.8748696558915536 0.35794960903562123 0.6986444212721585 0.35708079930495223 0.570385818561001 0.3518679409209383 0.4337851929092805 0.3509991311902694 0.3003128258602711 0.34665508253692445 0.2944035453597497 0.34665508253692445 0.25651720542231493 0.3483927019982624 0.25130344108446295 0.35447437011294525
2 0.7914494264859229 0.4439617723718506 0.7872784150156413 0.4483058210251955 0.7841501564129301 0.49261511728931373 0.7872784150156413 0.5351867940920939 0.7820646506777893 0.5916594265855778 0.7841501564129301 0.5986099044309297 0.8143899895724713 0.6012163336229366 0.916579770594369 0.5673327541268463 0.9207507820646507 0.4456993918331886 0.9186652763295099 0.4361424847958298 0.9134515119916579 0.4317984361424848 0.9009384775808134 0.4300608166811468 0.8936392075078207 0.4300608166811468 0.8050052137643379 0.4396177237185057 0.7914494264859229 0.4439617723718506
4 0.0802919708029197 0.4265855777584709 0.08133472367049009 0.5395308427454387 0.08237747653806048 0.5473501303214596 0.08863399374348278 0.5499565595134666 0.10948905109489052 0.5482189400521287 0.10740354535974975 0.5221546481320591 0.09906152241918664 0.5108601216333624 0.09801876955161626 0.4821894005212859 0.11261730969760167 0.4691572545612511 0.13660062565172054 0.46655082536924414 0.12200208550573513 0.4178974804517811 0.11887382690302398 0.41529105125977417 0.10948905109489052 0.41529105125977417 0.10740354535974975 0.41529105125977417 0.08550573514077163 0.4196350999131191 0.0802919708029197 0.4265855777584709
3 0.26903023983315955 0.5777584708948741 0.2773722627737226 0.5777584708948741 0.278415015641293 0.5638575152041703 0.2721584984358707 0.5629887054735013 0.26903023983315955 0.5629887054735013 0.2669447340980188 0.5751520417028672 0.26903023983315955 0.5777584708948741
3 0.5286757038581855 0.5986099044309297 0.5370177267987486 0.5986099044309297 0.5359749739311783 0.582102519548219 0.5276329509906151 0.582102519548219 0.5265901981230449 0.5960034752389227 0.5286757038581855 0.5986099044309297
3 0.8383733055265902 0.6194613379669852 0.848800834202294 0.6194613379669852 0.8477580813347236 0.5925282363162468 0.8415015641293013 0.5925282363162468 0.8362877997914493 0.5968722849695917 0.8383733055265902 0.6194613379669852
3 0.14389989572471323 0.5986099044309297 0.15432742440041708 0.6012163336229366 0.15745568300312823 0.5986099044309297 0.15745568300312823 0.5629887054735013 0.15641293013555785 0.5543006081668115 0.15119916579770593 0.5525629887054736 0.14807090719499477 0.5525629887054736 0.14389989572471323 0.5543006081668115 0.14389989572471323 0.5986099044309297
3 0.7601668404588112 0.6524761077324066 0.7632950990615224 0.6490008688097306 0.7632950990615224 0.6168549087749783 0.762252346193952 0.6020851433536056 0.7591240875912408 0.5994787141615986 0.7497393117831074 0.5994787141615986 0.7497393117831074 0.6498696785403997 0.7601668404588112 0.6524761077324066
9 0 0.9991311902693312 0.9989572471324296 0.9991311902693312 0.9989572471324296 0 0.9937267987486965 0 0 0 0 0.9991311902693312
