5 0.1741397288842544 0.474370112945265 0.15119916579770593 0.4856646394439618 0.1470281543274244 0.48392701998262383 0.1386861313868613 0.48740225890529976 0.13764337851929093 0.5013032145960035 0.13451511991657977 0.49695916594265854 0.13034410844629823 0.5013032145960035 0.1261730969760167 0.5013032145960035 0.1251303441084463 0.5047784535186794 0.12930135557872785 0.5030408340573415 0.132429614181439 0.5099913119026933 0.12304483837330552 0.5160729800173762 0.12200208550573513 0.5204170286707211 0.12304483837330552 0.5230234578627281 0.12721584984358708 0.5221546481320591 0.1261730969760167 0.532580364900087 0.13660062565172054 0.5377932232841008 0.14077163712200208 0.5334491746307559 0.14494264859228362 0.5386620330147698 0.13555787278415016 0.5447437011294527 0.14077163712200208 0.5534317984361425 0.1397288842544317 0.5577758470894875 0.1532846715328467 0.5577758470894875 0.1751824817518248 0.5699391833188532 0.18248175182481752 0.5638575152041703 0.1908237747653806 0.5638575152041703 0.2273201251303441 0.5699391833188532 0.31386861313868614 0.5777584708948741 0.32012513034410844 0.5847089487402259 0.32742440041710114 0.5777584708948741 0.3347236704900938 0.58123370981755 0.3555787278415016 0.582971329278888 0.35870698644421267 0.5881841876629019 0.3680917622523462 0.5881841876629019 0.3722627737226277 0.5847089487402259 0.5046923879040668 0.6029539530842746 0.5130344108446299 0.6012163336229366 0.5182481751824818 0.5873153779322329 0.5203336809176224 0.5933970460469158 0.5172054223149114 0.5986099044309297 0.5213764337851929 0.6038227628149435 0.5276329509906151 0.6055603822762816 0.5641293013555787 0.6072980017376195 0.5724713242961418 0.6107732406602955 0.6319082377476538 0.6168549087749783 0.6506777893639207 0.6211989574283232 0.7320125130344108 0.6290182450043441 0.7340980187695516 0.635099913119027 0.7382690302398331 0.6368375325803649 0.7466110531803962 0.6307558644656821 0.7580813347236705 0.631624674196351 0.7612095933263816 0.6272806255430061 0.7643378519290928 0.633362293657689 0.7664233576642335 0.63249348392702 0.7664233576642335 0.6264118158123371 0.7372262773722628 0.6238053866203301 0.7361835245046924 0.6211989574283232 0.7393117831074034 0.6194613379669852 0.7320125130344108 0.6099044309296264 0.7361835245046924 0.582102519548219 0.7413972888425443 0.58123370981755 0.7382690302398331 0.5734144222415292 0.743482794577685 0.5655951346655084 0.743482794577685 0.5430060816681147 0.7591240875912408 0.5021720243266725 0.7570385818561001 0.4978279756733276 0.7497393117831074 0.4943527367506516 0.697601668404588 0.4847958297132928 0.6131386861313868 0.4813205907906169 0.5912408759124087 0.4856646394439618 0.5755995828988529 0.4813205907906169 0.5172054223149114 0.47610773240660303 0.410844629822732 0.473501303214596 0.38998957247132426 0.46655082536924414 0.3670490093847758 0.4648132059079062 0.3430656934306569 0.45873153779322334 0.2617309697601668 0.45438748913987836 0.26068821689259647 0.45438748913987836 0.21689259645464026 0.46220677671589927 0.1741397288842544 0.474370112945265
0 0.29509906152241916 0.39096437880104257 0.2773722627737226 0.38922675933970463 0.25755995828988526 0.3822762814943528 0.2502606882168926 0.3848827106863597 0.26590198123044834 0.45004344048653344 0.27007299270072993 0.4526498696785405 0.3128258602711157 0.45438748913987836 0.3680917622523462 0.46220677671589927 0.3795620437956204 0.4613379669852303 0.3858185610010427 0.4648132059079062 0.4233576642335766 0.4726324934839271 0.510948905109489 0.474370112945265 0.5745568300312826 0.47958297132927896 0.5922836287799791 0.48392701998262383 0.6068821689259645 0.4821894005212859 0.6141814389989573 0.47784535186794097 0.6298227320125129 0.47784535186794097 0.6402502606882169 0.4813205907906169 0.6923879040667361 0.48305821025195483 0.7612095933263816 0.4917463075586447 0.7831074035453598 0.4648132059079062 0.8175182481751824 0.44135534317984365 0.821689259645464 0.43440486533449174 0.8352450469238789 0.4396177237185057 0.8394160583941606 0.4361424847958298 0.848800834202294 0.4361424847958298 0.8550573514077163 0.4317984361424848 0.8654848800834202 0.4309296264118158 0.8696558915537016 0.4265855777584709 0.8790406673618352 0.4265855777584709 0.8915537017726798 0.421372719374457 0.8811261730969759 0.421372719374457 0.8633993743482794 0.4144222415291051 0.8362877997914493 0.4109470026064292 0.7914494264859229 0.4118158123370982 0.7883211678832116 0.4057341442224153 0.7956204379562044 0.3900955690703736 0.7935349322210635 0.3866203301476977 0.7705943691345151 0.3900955690703736 0.7132429614181438 0.3900955690703736 0.6777893639207507 0.3857515204170287 0.6642335766423357 0.3814074717636838 0.6611053180396246 0.3831450912250217 0.6600625651720542 0.40486533449174633 0.6506777893639207 0.4109470026064292 0.6444212721584984 0.40834057341442226 0.6454640250260688 0.4005212858384014 0.6402502606882169 0.3979148566463945 0.6256517205422314 0.3979148566463945 0.6120959332638164 0.4013900955690704 0.5849843587069864 0.3987836663770635 0.5828988529718456 0.39183318853171156 0.5881126173096975 0.38401390095569077 0.5870698644421272 0.3796698523023458 0.5474452554744526 0.3848827106863597 0.4880083420229405 0.3857515204170287 0.47028154327424393 0.3822762814943528 0.4629822732012513 0.38922675933970463 0.43899895724713245 0.3970460469157255 0.4014598540145985 0.3900955690703736 0.40771637122002086 0.369244135534318 0.3555787278415016 0.37185056472632494 0.3044838373305526 0.36142484795829716 0.30344108446298224 0.36055603822762816 0.3003128258602711 0.36229365768896615 0.29509906152241916 0.39096437880104257
2 0.8873826903023982 0.4291920069504779 0.8800834202294056 0.4274543874891399 0.8759124087591241 0.4300608166811468 0.8654848800834202 0.4300608166811468 0.859228362877998 0.4361424847958298 0.8550573514077163 0.4352736750651608 0.8352450469238789 0.44309296264118164 0.8289885297184567 0.44309296264118164 0.8237747653806048 0.4396177237185057 0.8123044838373306 0.45178105994787143 0.7956204379562044 0.45786272806255435 0.7789363920750781 0.473501303214596 0.7612095933263816 0.5013032145960035 0.7445255474452555 0.5447437011294527 0.7466110531803962 0.5638575152041703 0.7393117831074034 0.5742832319721981 0.7351407716371219 0.6194613379669852 0.7372262773722628 0.6255430060816682 0.7424400417101147 0.6255430060816682 0.743482794577685 0.629887054735013 0.7612095933263816 0.634231103388358 0.7789363920750781 0.63249348392702 0.8342022940563085 0.5960034752389227 0.8540145985401459 0.578627280625543 0.8800834202294056 0.527367506516073 0.9144942648592282 0.4456993918331886 0.9144942648592282 0.4178974804517811 0.9030239833159541 0.4178974804517811 0.8988529718456725 0.4178974804517811 0.886339937434828 0.42484795829713295 0.8873826903023982 0.4291920069504779
4 0.21272158498435872 0.3866203301476977 0.11887382690302398 0.3996524761077324 0.0802919708029197 0.4005212858384014 0.12304483837330552 0.5334491746307559 0.13660062565172054 0.5577758470894875 0.1522419186652763 0.5551694178974805 0.1522419186652763 0.5247610773240661 0.15849843587069862 0.5143353605560382 0.1522419186652763 0.5117289313640313 0.15015641293013554 0.5065160729800173 0.14285714285714285 0.5065160729800173 0.1397288842544317 0.5030408340573415 0.15119916579770593 0.48740225890529976 0.18248175182481752 0.47089487402258906 0.22523461939520334 0.45873153779322334 0.2617309697601668 0.45351867940920937 0.26068821689259647 0.4387489139878367 0.24921793534932218 0.3961772371850565 0.2408759124087591 0.38401390095569077 0.23879040667361834 0.38401390095569077 0.2273201251303441 0.38835794960903564 0.21272158498435872 0.3866203301476977
3 0.18143899895724713 0.5673327541268463 0.17935349322210634 0.5638575152041703 0.17309697601668403 0.5629887054735013 0.16475495307612095 0.5629887054735013 0.1689259645464025 0.5690703735881842 0.18143899895724713 0.5673327541268463
3 0.5599582898852972 0.6168549087749783 0.5683003128258602 0.6151172893136404 0.5693430656934306 0.6116420503909644 0.5641293013555787 0.6090356211989575 0.5610010427528676 0.6090356211989575 0.5537017726798749 0.6125108601216334 0.5599582898852972 0.6168549087749783
3 0.7330552659019812 0.6385751520417029 0.7455683003128258 0.6368375325803649 0.7455683003128258 0.633362293657689 0.7382690302398331 0.6307558644656821 0.7372262773722628 0.629887054735013 0.7309697601668403 0.631624674196351 0.7330552659019812 0.6385751520417029
3 0.35870698644421267 0.5907906168549089 0.37122002085505734 0.5890529973935709 0.3680917622523462 0.585577758470895 0.35245046923879036 0.5838401390095569 0.35140771637122004 0.5838401390095569 0.34932221063607927 0.5847089487402259 0.35870698644421267 0.5907906168549089
3 0.31178310740354537 0.582102519548219 0.319082377476538 0.585577758470895 0.32533889468196037 0.5847089487402259 0.3284671532846715 0.580364900086881 0.32429614181439 0.5777584708948741 0.3222106360792492 0.5777584708948741 0.31491136600625647 0.578627280625543 0.31178310740354537 0.582102519548219
9 0 0.9991311902693312 0.9989572471324296 0.9991311902693312 0.9989572471324296 0 0.9937267987486965 0 0 0 0 0.9991311902693312
