5 0.3134765625 0.6608187134502923 0.3369140625 0.6652046783625731 0.58984375 0.6374269005847953 0.5966796875 0.631578947368421 0.5986328125 0.6081871345029239 0.6259765625 0.6038011695906432 0.6533203125 0.6081871345029239 0.66015625 0.6154970760233918 0.6572265625 0.618421052631579 0.658203125 0.6257309941520467 0.6708984375 0.6257309941520467 0.6689453125 0.6140350877192982 0.666015625 0.6125730994152047 0.681640625 0.6067251461988303 0.7041015625 0.6096491228070176 0.71484375 0.6052631578947368 0.72265625 0.6154970760233918 0.728515625 0.6140350877192982 0.73046875 0.618421052631579 0.7333984375 0.6140350877192982 0.7353515625 0.618421052631579 0.76171875 0.6169590643274854 0.77734375 0.6081871345029239 0.8974609375 0.6067251461988303 0.9140625 0.6023391812865497 0.9208984375 0.5950292397660818 0.927734375 0.5701754385964912 0.923828125 0.5423976608187134 0.927734375 0.5365497076023391 0.9267578125 0.5146198830409356 0.921875 0.4970760233918129 0.7861328125 0.489766081871345 0.771484375 0.48245614035087714 0.7236328125 0.4780701754385965 0.640625 0.48391812865497075 0.6123046875 0.47953216374269003 0.583984375 0.48684210526315785 0.53125 0.48684210526315785 0.525390625 0.4926900584795321 0.47265625 0.4912280701754385 0.4541015625 0.4970760233918129 0.4013671875 0.49415204678362573 0.390625 0.5 0.3623046875 0.4985380116959064 0.310546875 0.5087719298245614 0.3056640625 0.5423976608187134 0.3076171875 0.6535087719298245 0.3134765625 0.6608187134502923
0 0.1279296875 0.19883040935672514 0.1328125 0.19005847953216373 0.1376953125 0.19736842105263158 0.13671875 0.20614035087719298 0.1220703125 0.21052631578947367 0.1298828125 0.20906432748538012 0.1298828125 0.2178362573099415 0.1240234375 0.21637426900584794 0.123046875 0.22027339181286548 0.1318359375 0.22222222222222224 0.1279296875 0.22660818713450293 0.1240234375 0.2236842105263158 0.123046875 0.23684210526315788 0.1396484375 0.21491228070175436 0.142578125 0.21637426900584794 0.140625 0.22076023391812863 0.146484375 0.21637426900584794 0.150390625 0.22660818713450293 0.1474609375 0.2309941520467836 0.1396484375 0.22953216374269006 0.1376953125 0.24853801169590645 0.126953125 0.25 0.1279296875 0.2763157894736842 0.142578125 0.2909356725146198 0.1474609375 0.2880116959064327 0.158203125 0.2953216374269006 0.1484375 0.3055555555555555 0.1416015625 0.3055555555555555 0.1357421875 0.29239766081871343 0.13671875 0.3026315789473684 0.1328125 0.30409356725146197 0.1357421875 0.3143274853801169 0.1357421875 0.34502923976608185 0.140625 0.3435672514619883 0.140625 0.3508771929824561 0.1611328125 0.347953216374269 0.1630859375 0.3523391812865497 0.205078125 0.34941520467836257 0.2197265625 0.3538011695906432 0.2314453125 0.3464912280701754 0.234375 0.3523391812865497 0.2626953125 0.35526315789473684 0.2724609375 0.34941520467836257 0.2783203125 0.3567251461988304 0.30078125 0.36111111111111105 0.314453125 0.39327485380116955 0.310546875 0.39766081871345027 0.31640625 0.42105263157894735 0.31640625 0.445906432748538 0.3095703125 0.48684210526315785 0.314453125 0.4780701754385965 0.31640625 0.4912280701754385 0.4111328125 0.48684210526315785 0.421875 0.489766081871345 0.501953125 0.48099415204678364 0.53515625 0.48391812865497075 0.5634765625 0.4780701754385965 0.5751953125 0.48099415204678364 0.58984375 0.47514619883040937 0.6015625 0.47953216374269003 0.6171875 0.47368421052631576 0.6513671875 0.47660818713450287 0.681640625 0.4707602339181286 0.732421875 0.4692982456140351 0.748046875 0.4619883040935672 0.7353515625 0.3669590643274854 0.734375 0.3216374269005848 0.7255859375 0.26900584795321636 0.720703125 0.20321637426900585 0.716796875 0.17543859649122806 0.7109375 0.1695906432748538 0.1630859375 0.14619883040935672 0.1513671875 0.14912280701754385 0.1455078125 0.15789473684210525 0.13671875 0.1608187134502924 0.1328125 0.16520467836257308 0.1357421875 0.17105263157894737 0.1337890625 0.1739766081871345 0.1298828125 0.1695906432748538 0.1220703125 0.18128654970760233 0.1220703125 0.19736842105263158 0.1279296875 0.19883040935672514
4 0.0595703125 0.6871345029239766 0.0712890625 0.695906432748538 0.2412109375 0.75 0.30078125 0.7441520467836257 0.3046875 0.7339181286549707 0.3056640625 0.6666666666666666 0.302734375 0.6169590643274854 0.3046875 0.402046783625731 0.2998046875 0.3698830409356725 0.291015625 0.36403508771929827 0.2666015625 0.36111111111111105 0.1279296875 0.3567251461988304 0.060546875 0.3567251461988304 0.0546875 0.3654970760233918 0.0556640625 0.652046783625731 0.0595703125 0.6871345029239766
2 0.751953125 0.45175438596491224 0.7490234375 0.4663742690058479 0.751953125 0.47660818713450287 0.8603515625 0.4926900584795321 0.9072265625 0.4926900584795321 0.9267578125 0.4985380116959064 0.9296875 0.567251461988304 0.92578125 0.6023391812865497 0.9296875 0.6067251461988303 0.939453125 0.6052631578947368 0.9404296875 0.5292397660818713 0.9296875 0.5309941520467836 0.9287109375 0.5219298245614035 0.94140625 0.5190058479532164 0.94140625 0.3698830409356725 0.9375 0.35526315789473684 0.9228515625 0.3508771929824561 0.7412109375 0.347953216374269 0.7392578125 0.3669590643274854 0.751953125 0.45175438596491224
1 0.306640625 0.7441520467836257 0.5986328125 0.7076023391812865 0.607421875 0.7090643274853801 0.6123046875 0.719298245614035 0.61328125 0.7149122807017544 0.61865234375 0.719298245614035 0.619140625 0.706140350877193 0.625 0.719298245614035 0.62890625 0.7163742690058479 0.62890625 0.7105263157894737 0.6328125 0.7134502923976608 0.646484375 0.7076023391812865 0.6630859375 0.7134502923976608 0.6669921875 0.7076023391812865 0.677734375 0.7076023391812865 0.68359375 0.6973684210526315 0.7021484375 0.6973684210526315 0.7099609375 0.7032163742690059 0.720703125 0.7002923976608186 0.72265625 0.706140350877193 0.7275390625 0.706140350877193 0.7412109375 0.6988304093567251 0.7470703125 0.6900584795321637 0.7607421875 0.6871345029239766 0.88671875 0.6725146198830408 0.8974609375 0.6666666666666666 0.90234375 0.6505847953216374 0.90234375 0.6125730994152047 0.8798828125 0.6096491228070176 0.80078125 0.6140350877192982 0.7373046875 0.6228070175438596 0.6904296875 0.618421052631579 0.6875 0.6242690058479532 0.68359375 0.6228070175438596 0.68359375 0.6271929824561403 0.66796875 0.6301169590643274 0.640625 0.6286549707602338 0.640625 0.6242690058479532 0.6513671875 0.6213450292397661 0.6435546875 0.6125730994152047 0.623046875 0.6125730994152047 0.6171875 0.6169590643274854 0.6171875 0.6242690058479532 0.6083984375 0.6125730994152047 0.6103515625 0.6213450292397661 0.603515625 0.6140350877192982 0.6025390625 0.6198830409356725 0.609375 0.6330409356725146 0.5947265625 0.6388888888888888 0.3935546875 0.6593567251461988 0.373046875 0.6652046783625731 0.30859375 0.6681286549707602 0.3095703125 0.7134502923976608 0.306640625 0.7441520467836257
3 0.685546875 0.7441520467836257 0.69921875 0.7441520467836257 0.69921875 0.7090643274853801 0.6884765625 0.7017543859649122 0.685546875 0.706140350877193 0.685546875 0.7441520467836257
3 0.9033203125 0.7953216374269005 0.908203125 0.7909356725146198 0.91015625 0.7485380116959064 0.908203125 0.7222222222222221 0.90234375 0.7163742690058479 0.908203125 0.7090643274853801 0.908203125 0.6871345029239766 0.9013671875 0.675438596491228 0.8955078125 0.6812865497076024 0.8935546875 0.7938596491228069 0.9033203125 0.7953216374269005
3 0.0849609375 0.8289473684210525 0.09765625 0.8289473684210525 0.1005859375 0.8084795321637426 0.0986328125 0.7090643274853801 0.0830078125 0.7032163742690059 0.0830078125 0.8245614035087719 0.0849609375 0.8289473684210525
3 0.26953125 0.9020467836257309 0.2724609375 0.9005847953216375 0.2724609375 0.7543859649122806 0.2529296875 0.7543859649122806 0.25390625 0.9005847953216375 0.26953125 0.9020467836257309
7 0 0.9532163742690057 0.080078125 0.956140350877193 0.0849609375 0.9634502923976609 0.08203125 0.9663742690058479 0.0791015625 0.9941520467836258 0.0859375 0.9985380116959064 0.9990234375 0.9985380116959064 0.9990234375 0.7280701754385965 0.9443359375 0.7251461988304093 0.95703125 0.611111111111111 0.9990234375 0.6067251461988303 0.9990234375 0 0 0 0 0.9532163742690057
