5 0.11991657977059436 0.46307558644656827 0.1021897810218978 0.473501303214596 0.10010427528675703 0.48740225890529976 0.10323253388946818 0.5021720243266725 0.10531803962460898 0.5065160729800173 0.11261730969760167 0.5073848827106864 0.670490093847758 0.5421372719374458 0.7288842544316997 0.5438748913987836 0.7393117831074034 0.5421372719374458 0.7476538060479666 0.5360556038227628 0.7497393117831074 0.5013032145960035 0.743482794577685 0.48740225890529976 0.7340980187695516 0.4813205907906169 0.7007299270072992 0.4813205907906169 0.6903023983315955 0.46655082536924414 0.6819603753910323 0.46307558644656827 0.5370177267987486 0.4569939183318853 0.483837330552659 0.45786272806255435 0.28988529718456724 0.4526498696785405 0.28884254431699685 0.4526498696785405 0.18248175182481752 0.4561251086012164 0.11991657977059436 0.46307558644656827
2 0.7810218978102189 0.3822762814943528 0.7705943691345151 0.39270199826238056 0.7643378519290928 0.4066029539530843 0.7528675703858185 0.4908774978279757 0.7539103232533889 0.5456125108601217 0.762252346193952 0.5577758470894875 0.762252346193952 0.58123370981755 0.7653806047966631 0.5838401390095569 0.8039624608967675 0.5881841876629019 0.8456725755995829 0.5742832319721981 0.8508863399374349 0.5847089487402259 0.8477580813347236 0.5873153779322329 0.8508863399374349 0.5951346655082538 0.8477580813347236 0.5994787141615986 0.8519290928050051 0.6046915725456126 0.8529718456725754 0.58123370981755 0.8498435870698644 0.5777584708948741 0.8529718456725754 0.5725456125108602 0.8706986444212721 0.5638575152041703 0.8967674661105317 0.5569070373588184 0.9144942648592282 0.5473501303214596 0.9176225234619395 0.5430060816681147 0.9176225234619395 0.39530842745438755 0.9113660062565172 0.38922675933970463 0.8967674661105317 0.3866203301476977 0.8227320125130344 0.37880104257167685 0.8171011470281544 0.37880104257167685 0.7945776850886339 0.37880104257167685 0.7810218978102189 0.3822762814943528
3 0.10948905109489052 0.5334491746307559 0.11574556830031282 0.5386620330147698 0.11678832116788321 0.582971329278888 0.12408759124087591 0.585577758470895 0.12408759124087591 0.5317115551694179 0.1021897810218978 0.5299739357080799 0.10114702815432741 0.5299739357080799 0.09280500521376434 0.532580364900087 0.10948905109489052 0.5334491746307559
4 0.08133472367049009 0.3979148566463945 0.0802919708029197 0.5221546481320591 0.08446298227320125 0.527367506516073 0.09697601668404587 0.5256298870547351 0.09697601668404587 0.5125977410947004 0.10531803962460898 0.5047784535186794 0.10010427528675703 0.4978279756733276 0.09906152241918664 0.47523892267593404 0.12200208550573513 0.45960034752389234 0.11366006256517205 0.44048653344917466 0.10531803962460898 0.40486533449174633 0.1105318039624609 0.39270199826238056 0.10531803962460898 0.3900955690703736 0.09697601668404587 0.3900955690703736 0.08550573514077163 0.39270199826238056 0.08133472367049009 0.3979148566463945
3 0.3065693430656934 0.5621198957428324 0.3107403545359749 0.5586446568201564 0.3096976016684046 0.5464813205907906 0.30344108446298224 0.5464813205907906 0.30344108446298224 0.5603822762814944 0.3065693430656934 0.5621198957428324
0 0.6308654848800834 0.34491746307558646 0.6183524504692388 0.3483927019982624 0.5985401459854014 0.34665508253692445 0.4421272158498436 0.3518679409209383 0.424400417101147 0.3527367506516073 0.4139728884254431 0.35708079930495223 0.3993743482794577 0.3553431798436143 0.27007299270072993 0.36142484795829716 0.2617309697601668 0.36229365768896615 0.2586027111574557 0.3657688966116421 0.2533889468196037 0.39270199826238056 0.12200208550573513 0.39096437880104257 0.11157455683003129 0.39270199826238056 0.10740354535974975 0.3970460469157255 0.1021897810218978 0.41268462206776724 0.09906152241918664 0.40920938314509125 0.10010427528675703 0.40399652476107734 0.09697601668404587 0.40834057341442226 0.10114702815432741 0.41529105125977417 0.10531803962460898 0.4135534317984361 0.1105318039624609 0.4187662901824501 0.11366006256517205 0.4396177237185057 0.1251303441084463 0.4604691572545613 0.17205422314911364 0.4552562988705474 0.2617309697601668 0.45178105994787143 0.27528675703858185 0.4483058210251955 0.2940563086548488 0.4526498696785405 0.31699687174139723 0.45351867940920937 0.6496350364963503 0.45786272806255435 0.689259645464025 0.4604691572545613 0.6934306569343065 0.4639443961772372 0.6955161626694473 0.474370112945265 0.7017726798748696 0.47958297132927896 0.7101147028154327 0.4804517810599479 0.7320125130344108 0.4769765421372719 0.743482794577685 0.47089487402258906 0.7507820646506778 0.46307558644656827 0.7643378519290928 0.4031277150304084 0.7778936392075078 0.3831450912250217 0.7872784150156413 0.37880104257167685 0.8331595411887383 0.37793223284100785 0.8383733055265902 0.3753258036490009 0.8446298227320124 0.3753258036490009 0.8498435870698644 0.3796698523023458 0.862356621480709 0.37271937445699393 0.862356621480709 0.34752389226759345 0.8550573514077163 0.34231103388357953 0.7924921793534931 0.34144222415291053 0.789363920750782 0.34491746307558646 0.7685088633993743 0.34144222415291053 0.7674661105318039 0.34144222415291053 0.7476538060479666 0.3440486533449175 0.6308654848800834 0.34491746307558646
3 0.8446298227320124 0.5986099044309297 0.8456725755995829 0.6055603822762816 0.848800834202294 0.6072980017376195 0.8540145985401459 0.6046915725456126 0.8540145985401459 0.5760208514335361 0.8498435870698644 0.5760208514335361 0.8467153284671532 0.579496090356212 0.8446298227320124 0.5986099044309297
3 0.49426485922836283 0.5925282363162468 0.49635036496350365 0.5638575152041703 0.4880083420229405 0.5603822762814944 0.483837330552659 0.5603822762814944 0.4817518248175182 0.5907906168549089 0.49426485922836283 0.5925282363162468
3 0.7247132429614181 0.6038227628149435 0.7257559958289885 0.6481320590790618 0.7267987486965588 0.6576889661164206 0.7299270072992701 0.6602953953084275 0.7372262773722628 0.6576889661164206 0.7382690302398331 0.6542137271937446 0.7382690302398331 0.5873153779322329 0.7330552659019812 0.5838401390095569 0.7299270072992701 0.58123370981755 0.7257559958289885 0.5838401390095569 0.7247132429614181 0.6038227628149435
9 0 0.9991311902693312 0.9989572471324296 0.9991311902693312 0.9989572471324296 0 0.9937267987486965 0 0 0 0 0.9991311902693312
