5 0.7831074035453598 0.47176368375325806 0.7309697601668403 0.4656820156385752 0.7184567257559957 0.47002606429192006 0.7194994786235662 0.5881841876629019 0.7236704900938478 0.5951346655082538 0.7799791449426485 0.582102519548219 0.7966631908237747 0.5734144222415292 0.8008342022940562 0.5751520417028672 0.821689259645464 0.5725456125108602 0.8425443169968718 0.5673327541268463 0.8561001042752867 0.5603822762814944 0.8706986444212721 0.5603822762814944 0.9019812304483837 0.5534317984361425 0.9082377476538059 0.532580364900087 0.9103232533889468 0.4804517810599479 0.9071949947862356 0.46828844483058213 0.889468196037539 0.46655082536924414 0.8769551616266945 0.47176368375325806 0.8550573514077163 0.474370112945265 0.8446298227320124 0.4726324934839271 0.8362877997914493 0.46655082536924414 0.8258602711157454 0.46828844483058213 0.8133472367049009 0.4639443961772372 0.8065693430656934 0.4639443961772372 0.799791449426486 0.4639443961772372 0.7831074035453598 0.47176368375325806
5 0.08863399374348278 0.4361424847958298 0.08342022940563086 0.44135534317984365 0.0802919708029197 0.45960034752389234 0.08342022940563086 0.5073848827106864 0.11887382690302398 0.5186794092093832 0.13034410844629823 0.5178105994787142 0.14285714285714285 0.5221546481320591 0.17205422314911364 0.5247610773240661 0.19916579770594367 0.5334491746307559 0.20333680917622524 0.5317115551694179 0.2148070907194995 0.5360556038227628 0.23149113660062565 0.5351867940920939 0.2554744525547445 0.5386620330147698 0.2711157455683003 0.5438748913987836 0.3368091762252346 0.5516941789748045 0.3566214807090719 0.5577758470894875 0.3753910323253389 0.5586446568201564 0.39728884254431696 0.5621198957428324 0.4004171011470281 0.5647263249348393 0.4035453597497393 0.5629887054735013 0.40771637122002086 0.5655951346655084 0.4629822732012513 0.5725456125108602 0.483837330552659 0.5777584708948741 0.4869655891553702 0.5760208514335361 0.5057351407716371 0.58123370981755 0.5714285714285714 0.5899218071242398 0.5745568300312826 0.5925282363162468 0.5954118873826902 0.5933970460469158 0.6152241918665277 0.5994787141615986 0.6204379562043795 0.5977410947002607 0.638164754953076 0.6003475238922676 0.6548488008342023 0.6038227628149435 0.656934306569343 0.6064291920069504 0.6715328467153284 0.6064291920069504 0.6788321167883211 0.6020851433536056 0.67570385818561 0.5977410947002607 0.6767466110531803 0.5569070373588184 0.6798748696558915 0.5499565595134666 0.6777893639207507 0.5186794092093832 0.684045881126173 0.5039096437880104 0.6923879040667361 0.4995655951346656 0.697601668404588 0.5013032145960035 0.694473409801877 0.4986967854039966 0.6986444212721585 0.48653344917463076 0.6986444212721585 0.4691572545612511 0.6955161626694473 0.46307558644656827 0.6923879040667361 0.4648132059079062 0.6725755995828988 0.45960034752389234 0.5974973931178311 0.45438748913987836 0.5787278415015641 0.4491746307558645 0.5537017726798749 0.45178105994787143 0.5505735140771637 0.4491746307558645 0.5276329509906151 0.4456993918331886 0.41710114702815426 0.4378801042571677 0.40458811261730965 0.4291920069504779 0.3691345151199166 0.4317984361424848 0.24817518248175183 0.42050390964378803 0.24296141814389988 0.42050390964378803 0.11887382690302398 0.4283231972198089 0.08863399374348278 0.4361424847958298
0 0.2617309697601668 0.3318853171155517 0.24817518248175183 0.41268462206776724 0.25130344108446295 0.4187662901824501 0.264859228362878 0.421372719374457 0.33993743482794575 0.4283231972198089 0.3879040667361835 0.4291920069504779 0.4014598540145985 0.4178974804517811 0.3993743482794577 0.4135534317984361 0.40458811261730965 0.3944396177237185 0.4087591240875912 0.3996524761077324 0.4087591240875912 0.40834057341442226 0.40458811261730965 0.4144222415291051 0.40667361835245047 0.42484795829713295 0.40980187695516157 0.4309296264118158 0.41814389989572465 0.43440486533449174 0.5537017726798749 0.4474370112945265 0.5683003128258602 0.4474370112945265 0.583941605839416 0.44222415291051265 0.5881126173096975 0.4483058210251955 0.6016684045881127 0.4526498696785405 0.6934306569343065 0.45960034752389234 0.6996871741397288 0.4561251086012164 0.6996871741397288 0.4456993918331886 0.708029197080292 0.4317984361424848 0.7278415015641293 0.421372719374457 0.7299270072992701 0.41702867072111205 0.7831074035453598 0.41615986099044316 0.799791449426486 0.4100781928757602 0.8039624608967675 0.4109470026064292 0.8039624608967675 0.4057341442224153 0.8196037539103231 0.4005212858384014 0.8206465067778936 0.39357080799304955 0.816475495307612 0.39530842745438755 0.8102189781021897 0.38835794960903564 0.8102189781021897 0.39357080799304955 0.8060479666319083 0.3979148566463945 0.8050052137643379 0.36142484795829716 0.8102189781021897 0.35708079930495223 0.8102189781021897 0.3483927019982624 0.7987486965589154 0.34057341442224154 0.6100104275286757 0.3318853171155517 0.6037539103232533 0.3362293657688966 0.6016684045881127 0.3518679409209383 0.5985401459854014 0.3553431798436143 0.5922836287799791 0.35447437011294525 0.5881126173096975 0.3501303214596004 0.5901981230448383 0.34491746307558646 0.5870698644421272 0.33101650738488275 0.5724713242961418 0.3275412684622068 0.5078206465067778 0.32927888792354476 0.4223149113660062 0.32667245873153783 0.41710114702815426 0.32927888792354476 0.41501564129301355 0.34231103388357953 0.410844629822732 0.34491746307558646 0.40667361835245047 0.3388357949609036 0.40667361835245047 0.32927888792354476 0.4004171011470281 0.32667245873153783 0.3159541188738269 0.32667245873153783 0.2805005213764338 0.3240660295395309 0.2711157455683003 0.3240660295395309 0.264859228362878 0.32580364900086883 0.2617309697601668 0.3318853171155517
4 0.09697601668404587 0.4283231972198089 0.10010427528675703 0.422241529105126 0.10010427528675703 0.4005212858384014 0.10844629822732013 0.3900955690703736 0.10740354535974975 0.3866203301476977 0.10427528675703857 0.3866203301476977 0.0948905109489051 0.3996524761077324 0.09697601668404587 0.4283231972198089
4 0.12095933263816475 0.3796698523023458 0.12095933263816475 0.3857515204170287 0.12721584984358708 0.3874891398783667 0.2116788321167883 0.3822762814943528 0.2262773722627737 0.37706342311033886 0.25130344108446295 0.37706342311033886 0.25130344108446295 0.37271937445699393 0.23044838373305526 0.3753258036490009 0.2210636079249218 0.37271937445699393 0.2148070907194995 0.37271937445699393 0.13034410844629823 0.37706342311033886 0.12095933263816475 0.3796698523023458
2 0.8206465067778936 0.4118158123370982 0.7372262773722628 0.421372719374457 0.7163712200208551 0.4291920069504779 0.7101147028154327 0.4352736750651608 0.7007299270072992 0.4569939183318853 0.7059436913451511 0.6741963509991312 0.7142857142857142 0.6750651607298003 0.7163712200208551 0.6724587315377932 0.7142857142857142 0.4656820156385752 0.7163712200208551 0.45178105994787143 0.7215849843587069 0.44222415291051265 0.7299270072992701 0.4370112945264987 0.7455683003128258 0.4370112945264987 0.8248175182481752 0.4265855777584709 0.8362877997914493 0.422241529105126 0.9009384775808134 0.41615986099044316 0.9155370177267986 0.41268462206776724 0.9176225234619395 0.40747176368375326 0.9144942648592282 0.4057341442224153 0.9051094890510948 0.4057341442224153 0.8383733055265902 0.4135534317984361 0.8206465067778936 0.4118158123370982
3 0.6996871741397288 0.6159860990443093 0.6986444212721585 0.6116420503909644 0.6955161626694473 0.6090356211989575 0.694473409801877 0.6159860990443093 0.6996871741397288 0.6159860990443093
3 0.20229405630865482 0.5569070373588184 0.20959332638164754 0.5577758470894875 0.21063607924921796 0.5360556038227628 0.205422314911366 0.5343179843614249 0.20333680917622524 0.5343179843614249 0.20125130344108447 0.5534317984361425 0.20229405630865482 0.5569070373588184
3 0.7935349322210635 0.6029539530842746 0.8008342022940562 0.6029539530842746 0.802919708029197 0.6003475238922676 0.802919708029197 0.5777584708948741 0.7966631908237747 0.5777584708948741 0.7924921793534931 0.580364900086881 0.7935349322210635 0.6029539530842746
3 0.8550573514077163 0.6020851433536056 0.862356621480709 0.6020851433536056 0.8644421272158498 0.5986099044309297 0.862356621480709 0.5629887054735013 0.8613138686131385 0.5629887054735013 0.8540145985401459 0.5664639443961772 0.8550573514077163 0.6020851433536056
3 0.09801876955161626 0.5569070373588184 0.10427528675703857 0.5569070373588184 0.10427528675703857 0.5221546481320591 0.10844629822732013 0.5186794092093832 0.11470281543274244 0.5186794092093832 0.10427528675703857 0.5178105994787142 0.09801876955161626 0.5143353605560382 0.09593326381647549 0.5143353605560382 0.09593326381647549 0.5543006081668115 0.09801876955161626 0.5569070373588184
3 0.6746611053180396 0.6411815812337098 0.6819603753910323 0.6437880104257168 0.6861313868613138 0.6411815812337098 0.6861313868613138 0.6246741963509992 0.6903023983315955 0.6151172893136404 0.6819603753910323 0.6099044309296264 0.6767466110531803 0.6116420503909644 0.67570385818561 0.6090356211989575 0.670490093847758 0.6090356211989575 0.6663190823774765 0.6090356211989575 0.6746611053180396 0.6203301476976543 0.6746611053180396 0.6411815812337098
9 0 0.9991311902693312 0.9989572471324296 0.9991311902693312 0.9989572471324296 0 0.9937267987486965 0 0 0 0 0.9991311902693312
