7 0.208984375 0.814236111111111 0.205078125 0.8055555555555556 0.203125 0.8246527777777779 0.20595703125 0.8296875 0.2080078125 0.8177083333333334 0.2213544921875 0.7864583333333334 0.7548828125 0.7881944444444444 0.76953125 0.795138888888889 0.7724609375 0.8090277777777779 0.767578125 0.8090277777777779 0.775390625 0.8506944444444444 0.77734375 0.8472222222222223 0.7724609375 0.7899305555555556 0.8046875 0.7847222222222222 0.7998046875 0.732638888888889 0.8017578125 0.7256944444444444 0.7978515625 0.71875 0.8017578125 0.6909722222222222 0.8017578125 0.6319444444444444 0.796875 0.6197916666666667 0.783203125 0.6145833333333334 0.783203125 0.607638888888889 0.7509765625 0.6128472222222222 0.7470703125 0.6354166666666667 0.75 0.6805555555555556 0.7353515625 0.6770833333333334 0.7412109375 0.6840277777777778 0.7529296875 0.6840277777777778 0.7607421875 0.703125 0.7568359375 0.7083333333333334 0.7646484375 0.7152777777777778 0.76171875 0.7256944444444444 0.7548828125 0.7204861111111112 0.734375 0.7239583333333334 0.73046875 0.703125 0.732421875 0.7152777777777778 0.7294921875 0.7118055555555556 0.7236328125 0.7204861111111112 0.7177734375 0.717013888888889 0.71875 0.7083333333333334 0.7099609375 0.71875 0.7109375 0.7083333333333334 0.7080078125 0.7135416666666667 0.7060546875 0.7083333333333334 0.7021484375 0.7118055555555556 0.7080078125 0.717013888888889 0.708984375 0.7274305555555556 0.7041015625 0.7361111111111112 0.6083984375 0.734375 0.6064453125 0.7309027777777778 0.609375 0.7256944444444444 0.5986328125 0.717013888888889 0.6015625 0.7118055555555556 0.59765625 0.7100694444444444 0.5966796875 0.6510416666666667 0.5927734375 0.640625 0.5859375 0.6475694444444444 0.5810546875 0.640625 0.578125 0.6493055555555556 0.57275390625 0.6493055555555556 0.5751953125 0.6440972222222222 0.5732421875 0.640625 0.5673828125 0.6493055555555556 0.556640625 0.638888888888889 0.5537109375 0.6475694444444444 0.5458984375 0.6423611111111112 0.5458984375 0.6493055555555556 0.5390625 0.6579861111111112 0.5107421875 0.65625 0.5029296875 0.6475694444444444 0.5087890625 0.6423611111111112 0.49609375 0.6527777777777778 0.4619140625 0.6510416666666667 0.4521484375 0.6458333333333334 0.451171875 0.640625 0.458984375 0.6267361111111112 0.458984375 0.6197916666666667 0.47265625 0.6041666666666667 0.4755859375 0.5954861111111112 0.47265625 0.592013888888889 0.4765625 0.5833333333333334 0.482421875 0.5815972222222222 0.490234375 0.5625 0.5166015625 0.5520833333333334 0.5185546875 0.5364583333333334 0.5224609375 0.53125 0.51953125 0.5347222222222222 0.5166015625 0.529513888888889 0.517578125 0.5190972222222222 0.51171875 0.5086805555555556 0.279296875 0.5069444444444444 0.2763671875 0.5086805555555556 0.2744140625 0.5225694444444444 0.2724609375 0.592013888888889 0.24609375 0.5954861111111112 0.19140625 0.6180555555555556 0.1845703125 0.6267361111111112 0.18359375 0.78125 0.185546875 0.7864583333333334 0.19921875 0.7864583333333334 0.2119140625 0.796875 0.208984375 0.814236111111111
0 0.2724609375 0.6354166666666667 0.27734375 0.6440972222222222 0.3671875 0.638888888888889 0.416015625 0.6493055555555556 0.41796875 0.638888888888889 0.419921875 0.6475694444444444 0.42578125 0.6493055555555556 0.4521484375 0.638888888888889 0.4638671875 0.6493055555555556 0.5400390625 0.6579861111111112 0.5498046875 0.6458333333333334 0.572265625 0.6493055555555556 0.5947265625 0.6423611111111112 0.59765625 0.6354166666666667 0.59765625 0.6006944444444444 0.6005859375 0.5972222222222222 0.6689453125 0.5972222222222222 0.671875 0.6024305555555556 0.6689453125 0.6215277777777778 0.66015625 0.6267361111111112 0.6640625 0.6319444444444444 0.6640625 0.640625 0.6748046875 0.6319444444444444 0.6884765625 0.638888888888889 0.6953125 0.6336805555555556 0.6962890625 0.6527777777777778 0.712890625 0.6510416666666667 0.7412109375 0.670138888888889 0.7451171875 0.6649305555555556 0.744140625 0.6371527777777778 0.7490234375 0.609375 0.7646484375 0.5972222222222222 0.7880859375 0.545138888888889 0.779296875 0.5364583333333334 0.71875 0.529513888888889 0.7099609375 0.5208333333333334 0.708984375 0.5069444444444444 0.7021484375 0.5052083333333334 0.607421875 0.5052083333333334 0.5927734375 0.5104166666666667 0.5771484375 0.5052083333333334 0.56640625 0.513888888888889 0.5458984375 0.5121527777777778 0.5185546875 0.49826388888888895 0.5146484375 0.5069444444444444 0.466796875 0.5104166666666667 0.4150390625 0.5052083333333334 0.279296875 0.5069444444444444 0.2744140625 0.5225694444444444 0.271484375 0.607638888888889 0.2724609375 0.6354166666666667
5 0.2392578125 0.7708333333333334 0.748046875 0.7708333333333334 0.7578125 0.7690972222222222 0.7626953125 0.7604166666666667 0.7626953125 0.6979166666666667 0.76171875 0.6892361111111112 0.7568359375 0.6840277777777778 0.7236328125 0.6614583333333334 0.7099609375 0.65625 0.7021484375 0.6597222222222222 0.69921875 0.6510416666666667 0.6982421875 0.6631944444444444 0.642578125 0.6631944444444444 0.63671875 0.6579861111111112 0.61328125 0.6631944444444444 0.6103515625 0.6579861111111112 0.609375 0.6371527777777778 0.5830078125 0.6510416666666667 0.5498046875 0.6510416666666667 0.5390625 0.6614583333333334 0.462890625 0.6527777777777778 0.443359375 0.6440972222222222 0.423828125 0.654513888888889 0.4189453125 0.6666666666666667 0.416015625 0.6649305555555556 0.4150390625 0.654513888888889 0.39453125 0.6458333333333334 0.3310546875 0.640625 0.29296875 0.6440972222222222 0.2529296875 0.6684027777777778 0.23046875 0.6875 0.2275390625 0.6961805555555556 0.2275390625 0.7604166666666667 0.2392578125 0.7708333333333334
4 0.19140625 0.7760416666666667 0.2109375 0.7777777777777779 0.2236328125 0.7725694444444444 0.2255859375 0.6927083333333334 0.23046875 0.6840277777777778 0.2705078125 0.6510416666666667 0.26953125 0.59375 0.2431640625 0.5972222222222222 0.1845703125 0.625 0.185546875 0.78125 0.19140625 0.7760416666666667
2 0.7568359375 0.6927083333333334 0.755859375 0.7048611111111112 0.76171875 0.703125 0.763671875 0.7118055555555556 0.763671875 0.7708333333333334 0.7685546875 0.7760416666666667 0.7958984375 0.7760416666666667 0.796875 0.7847222222222222 0.802734375 0.7847222222222222 0.8017578125 0.623263888888889 0.7744140625 0.609375 0.7587890625 0.607638888888889 0.75 0.6163194444444444 0.748046875 0.6319444444444444 0.7490234375 0.6753472222222222 0.7568359375 0.6927083333333334
3 0.7710658482142857 0.8013392857142858 0.7685546875 0.7916666666666667 0.7666015625 0.7934027777777779 0.7710658482142857 0.8013392857142858
3 0.7666015625 0.8055555555555556 0.7729704483695652 0.8361262077294687 0.7763671875 0.8315972222222223 0.7744140625 0.814236111111111 0.771294135551948 0.8022186147186148 0.7666015625 0.8055555555555556
3 0.7732979910714286 0.8376984126984128 0.774688720703125 0.8443739149305556 0.77734375 0.842013888888889 0.7732979910714286 0.8376984126984128
3 0.774688720703125 0.8443739149305556 0.7734375 0.845486111111111 0.7763671875 0.8524305555555556 0.774688720703125 0.8443739149305556
3 0.208984375 0.8159722222222223 0.203125 0.814236111111111 0.19921875 0.8472222222222223 0.2041015625 0.8472222222222223 0.19921875 0.8628472222222223 0.203125 0.861111111111111 0.2080078125 0.8315972222222223 0.203125 0.8246527777777779 0.208984375 0.8194444444444444 0.212890625 0.7916666666666667 0.20703125 0.7916666666666667 0.2041015625 0.8038194444444444 0.2099609375 0.8090277777777779 0.208984375 0.8159722222222223
7 0.609375 0.5260416666666667 0.6103515625 0.5538194444444444 0.603515625 0.5694444444444444 0.6005859375 0.5572916666666667 0.59765625 0.5572916666666667 0.6005859375 0.5659722222222222 0.5966796875 0.5677083333333334 0.59765625 0.5868055555555556 0.603515625 0.5815972222222222 0.609375 0.5902777777777778 0.6044921875 0.59375 0.6171875 0.5954861111111112 0.6171875 0.6041666666666667 0.6220703125 0.607638888888889 0.630859375 0.607638888888889 0.6337890625 0.5989583333333334 0.63671875 0.609375 0.6396484375 0.6041666666666667 0.6357421875 0.5954861111111112 0.6748046875 0.592013888888889 0.6826171875 0.5746527777777778 0.6845703125 0.5590277777777778 0.69140625 0.5520833333333334 0.6943359375 0.5364583333333334 0.7080078125 0.5121527777777778 0.70703125 0.5069444444444444 0.705078125 0.513888888888889 0.703125 0.5052083333333334 0.7021484375 0.5190972222222222 0.6982421875 0.5260416666666667 0.6969404296875 0.5052083333333334 0.625 0.5052083333333334 0.615234375 0.5069444444444444 0.6103515625 0.513888888888889 0.6044921875 0.5086805555555556 0.6123046875 0.5190972222222222 0.609375 0.5260416666666667
1 0.1943359375 0.7881944444444444 0.19921875 0.7881944444444444 0.201171875 0.7777777777777779 0.2041015625 0.7881944444444444 0.29296875 0.7899305555555556 0.287109375 0.7881944444444444 0.2892578125 0.7743055555555556 0.29453125 0.7743055555555556 0.2978515625 0.7899305555555556 0.302734375 0.7899305555555556 0.2998046875 0.7743055555555556 0.3103515625 0.7743055555555556 0.3076171875 0.7899305555555556 0.3125 0.7899305555555556 0.315625 0.7743055555555556 0.3208984375 0.7743055555555556 0.3173828125 0.7899305555555556 0.322265625 0.7899305555555556 0.326171875 0.7743055555555556 0.3271484375 0.7899305555555556 0.35546875 0.7899305555555556 0.3564453125 0.7743055555555556 0.36181640625 0.7743055555555556 0.361328125 0.7899305555555556 0.3685830078125 0.7899305555555556 0.3671875 0.7743055555555556 0.37255859375 0.7743055555555556 0.3738837890625 0.7899305555555556 0.384486328125 0.7899305555555556 0.3818359375 0.7743055555555556 0.3929033203125 0.7725694444444444 0.3897880859375 0.7899305555555556 0.43359375 0.7899305555555556 0.435546875 0.7743055555555556 0.4384765625 0.7899305555555556 0.443359375 0.7899305555555556 0.4453125 0.7743055555555556 0.4501953125 0.7743055555555556 0.4482421875 0.7899305555555556 0.4580078125 0.7899305555555556 0.4609375 0.7725694444444444 0.463623046875 0.7899305555555556 0.46923828125 0.7899305555555556 0.4658203125 0.7725694444444444 0.47802734375 0.7743055555555556 0.474853515625 0.7899305555555556 0.486328125 0.7899305555555556 0.484375 0.7743055555555556 0.4951171875 0.7725694444444444 0.49153613281249997 0.7899305555555556 0.49674511718750003 0.7899305555555556 0.5009765625 0.7743055555555556 0.50615234375 0.7743055555555556 0.501953125 0.7899305555555556 0.5126953125 0.7881944444444444 0.511328125 0.7743055555555556 0.53203125 0.7743055555555556 0.52734375 0.7881944444444444 0.5185546875 0.7899305555555556 0.5302734375 0.7899305555555556 0.53720703125 0.7743055555555556 0.53759765625 0.7881944444444444 0.544921875 0.7899305555555556 0.5423828125 0.7743055555555556 0.552734375 0.7743055555555556 0.550048828125 0.7899305555555556 0.560302734375 0.7899305555555556 0.5615234375 0.7743055555555556 0.5654296875 0.7899305555555556 0.568359375 0.7899305555555556 0.5673828125 0.7743055555555556 0.57421875 0.7725694444444444 0.5771484375 0.7743055555555556 0.576171875 0.7899305555555556 0.59326171875 0.7881944444444444 0.5908203125 0.7725694444444444 0.5958251953125 0.7725694444444444 0.599609375 0.7899305555555556 0.600830078125 0.7725694444444444 0.61083984375 0.7725694444444444 0.6064453125 0.7899305555555556 0.61328125 0.7881944444444444 0.6158447265625 0.7725694444444444 0.619140625 0.7881944444444444 0.6259765625 0.7899305555555556 0.6311845703125 0.7899305555555556 0.6318359375 0.7743055555555556 0.6363935546875 0.7899305555555556 0.7146484375 0.7899305555555556 0.7177734375 0.7743055555555556 0.720703125 0.7743055555555556 0.724609375 0.7760416666666667 0.7203125 0.7899305555555556 0.7259765625 0.7899305555555556 0.7314453125 0.7760416666666667 0.7373046875 0.7760416666666667 0.731640625 0.7899305555555556 0.7470703125 0.7899305555555556 0.740234375 0.7760416666666667 0.7509765625 0.7743055555555556 0.7526044921875 0.7899305555555556 0.7581376953125 0.7899305555555556 0.751953125 0.7725694444444444 0.759765625 0.7725694444444444 0.763671875 0.7899305555555556 0.8037109375 0.7864583333333334 0.796875 0.7777777777777779 0.77001953125 0.7760416666666667 0.76953125 0.7881944444444444 0.7646484375 0.7881944444444444 0.76171875 0.7708333333333334 0.6943359375 0.7725694444444444 0.69794140625 0.7881944444444444 0.6878759765625 0.7881944444444444 0.689453125 0.7725694444444444 0.6751298828125 0.7725694444444444 0.6778095703125 0.7881944444444444 0.6677431640625 0.7881944444444444 0.6695966796875 0.7725694444444444 0.6630859375 0.7743055555555556 0.6627099609375 0.7881944444444444 0.657677734375 0.7881944444444444 0.658203125 0.7743055555555556 0.65234375 0.7725694444444444 0.65264453125 0.7881944444444444 0.642578125 0.7881944444444444 0.6461591796875 0.7725694444444444 0.58984375 0.7708333333333334 0.42350292968750003 0.7725694444444444 0.41796875 0.7881944444444444 0.41243457031249997 0.7881944444444444 0.41731738281249997 0.7725694444444444 0.41015625 0.7708333333333334 0.35009765625 0.7725694444444444 0.3486328125 0.7881944444444444 0.3447265625 0.7725694444444444 0.33251953125 0.7725694444444444 0.3349609375 0.7881944444444444 0.328125 0.7881944444444444 0.3271484375 0.7725694444444444 0.2787109375 0.7743055555555556 0.2822265625 0.7881944444444444 0.27734375 0.7881944444444444 0.2734375 0.7743055555555556 0.2705078125 0.7743055555555556 0.2724609375 0.7881944444444444 0.2626953125 0.7881944444444444 0.2626953125 0.7743055555555556 0.255859375 0.7760416666666667 0.2578125 0.7881944444444444 0.248046875 0.7881944444444444 0.25 0.7760416666666667 0.244140625 0.7760416666666667 0.2431640625 0.7881944444444444 0.23828125 0.7881944444444444 0.2373046875 0.7743055555555556 0.1845703125 0.7760416666666667 0.185546875 0.7864583333333334 0.1943359375 0.7881944444444444
