0 0.32421875 0.6221837088388215 0.3310546875 0.6256499133448873 0.3525390625 0.6221837088388215 0.3759765625 0.6291161178509532 0.3935546875 0.6273830155979202 0.396484375 0.6325823223570191 0.4072265625 0.6239168110918544 0.4130859375 0.6291161178509532 0.45703125 0.6239168110918544 0.5888671875 0.6273830155979202 0.5966796875 0.6256499133448873 0.59765625 0.6048526863084922 0.6015625 0.5996533795493935 0.6318359375 0.5961871750433275 0.6865234375 0.5996533795493935 0.68310546875 0.6117850953206239 0.685546875 0.6117850953206239 0.7177734375 0.6256499133448873 0.720703125 0.6117850953206239 0.7236328125 0.6273830155979202 0.73046875 0.6221837088388215 0.7265625 0.608318890814558 0.7275390625 0.584055459272097 0.724609375 0.5823223570190641 0.7177734375 0.5996533795493935 0.716796875 0.5823223570190641 0.7099609375 0.5788561525129983 0.70703125 0.5320623916811091 0.6748046875 0.5389948006932409 0.619140625 0.5407279029462738 0.564453125 0.5303292894280762 0.560546875 0.5389948006932409 0.5625 0.5667244367417678 0.5654296875 0.5701906412478336 0.5634765625 0.5788561525129983 0.5595703125 0.5736568457538994 0.5537109375 0.5303292894280762 0.5068359375 0.5407279029462738 0.4189453125 0.5337954939341422 0.412109375 0.5389948006932409 0.3779296875 0.5355285961871751 0.3271484375 0.5407279029462738 0.2861328125 0.5355285961871751 0.28125 0.5545927209705372 0.2740888671875 0.5528596187175043 0.2763671875 0.5337954939341422 0.2646484375 0.5337954939341422 0.263671875 0.5528596187175043 0.283203125 0.5563258232235702 0.3076171875 0.5892547660311959 0.32421875 0.6221837088388215
5 0.6298828125 0.708838821490468 0.6435546875 0.7036395147313692 0.6533203125 0.707105719237435 0.6572265625 0.7019064124783362 0.6630859375 0.707105719237435 0.685546875 0.707105719237435 0.6904296875 0.6949740034662045 0.6845703125 0.6932409012131716 0.6884765625 0.6863084922010398 0.693359375 0.6897746967071057 0.6953125 0.707105719237435 0.6943359375 0.6880415944540728 0.685546875 0.6603119584055459 0.6875 0.6568457538994801 0.69921875 0.6672443674176776 0.7021484375 0.6897746967071057 0.7509765625 0.681109185441941 0.75 0.6672443674176776 0.7578125 0.6689774696707105 0.7568359375 0.682842287694974 0.7626953125 0.681109185441941 0.759765625 0.6724436741767764 0.7626953125 0.6672443674176776 0.7470703125 0.6637781629116117 0.748046875 0.6447140381282496 0.736328125 0.6429809358752167 0.73046875 0.634315424610052 0.71875 0.6291161178509532 0.7080078125 0.6291161178509532 0.69921875 0.6412478336221837 0.6982421875 0.6291161178509532 0.6962890625 0.6447140381282496 0.7021484375 0.6447140381282496 0.705078125 0.6533795493934142 0.6953125 0.6499133448873484 0.6953125 0.658578856152513 0.69140625 0.6533795493934142 0.693359375 0.6447140381282496 0.6884765625 0.6412478336221837 0.69085693359375 0.6356152512998267 0.67578125 0.6637781629116117 0.6630859375 0.658578856152513 0.60546875 0.6655112651646446 0.59765625 0.658578856152513 0.5966796875 0.6533795493934142 0.6005859375 0.6499133448873484 0.59765625 0.6516464471403813 0.5986328125 0.6429809358752167 0.5869140625 0.6360485268630849 0.583984375 0.6360485268630849 0.57421875 0.6603119584055459 0.57421875 0.6967071057192374 0.5810546875 0.708838821490468 0.5947265625 0.708838821490468 0.5986328125 0.7001733102253033 0.6298828125 0.708838821490468
5 0.208984375 0.707105719237435 0.56640625 0.707105719237435 0.5703125 0.6793760831889081 0.5693359375 0.6568457538994801 0.5654296875 0.6516464471403813 0.55859375 0.6516464471403813 0.5390625 0.634315424610052 0.509765625 0.6273830155979202 0.4443359375 0.6291161178509532 0.4150390625 0.6377816291161178 0.392578125 0.6516464471403813 0.390625 0.6429809358752167 0.3798828125 0.634315424610052 0.3095703125 0.6256499133448873 0.275390625 0.6395147313691508 0.248046875 0.6377816291161178 0.20703125 0.6603119584055459 0.205078125 0.7001733102253033 0.208984375 0.707105719237435
4 0.191126953125 0.7435008665511265 0.197265625 0.7244367417677643 0.1964287109375 0.7435008665511265 0.2017294921875 0.7435008665511265 0.2001953125 0.7331022530329289 0.20703125 0.7435008665511265 0.19921875 0.731369150779896 0.2021484375 0.6932409012131716 0.2001953125 0.6672443674176776 0.2080078125 0.6516464471403813 0.2138671875 0.6499133448873484 0.212890625 0.6464471403812825 0.1787109375 0.5961871750433275 0.1435546875 0.5944540727902946 0.1328125 0.6031195840554593 0.1328125 0.7435008665511265 0.191126953125 0.7435008665511265
2 0.7080078125 0.6429809358752167 0.70703125 0.6637781629116117 0.703125 0.6620450606585788 0.6962890625 0.6776429809358752 0.705078125 0.6637781629116117 0.7060546875 0.681109185441941 0.7275390625 0.6793760831889081 0.7333984375 0.6863084922010398 0.7431640625 0.6793760831889081 0.765625 0.682842287694974 0.7705078125 0.707105719237435 0.798828125 0.7053726169844021 0.7978515625 0.6672443674176776 0.7919921875 0.658578856152513 0.7236328125 0.6291161178509532 0.7099609375 0.6273830155979202 0.7021484375 0.6395147313691508 0.7060546875 0.6377816291161178 0.7080078125 0.6429809358752167
1 0.1474609375 0.7417677642980935 0.146484375 0.7469670710571924 0.150390625 0.7383015597920277 0.15234375 0.7469670710571924 0.15625 0.7365684575389948 0.1611328125 0.7365684575389948 0.16015625 0.7452339688041595 0.1650390625 0.7452339688041595 0.1669921875 0.7348353552859619 0.1708984375 0.7365684575389948 0.170033203125 0.7452339688041595 0.1750283203125 0.7452339688041595 0.1767578125 0.7365684575389948 0.1826171875 0.7365684575389948 0.1800224609375 0.7452339688041595 0.1850166015625 0.7452339688041595 0.189453125 0.7348353552859619 0.193359375 0.7348353552859619 0.1900107421875 0.7452339688041595 0.580078125 0.7452339688041595 0.578125 0.7556325823223571 0.583984375 0.7487001733102253 0.607421875 0.7435008665511265 0.794921875 0.7452339688041595 0.80078125 0.7331022530329289 0.80078125 0.7157712305025996 0.79296875 0.707105719237435 0.7548828125 0.7140381282495667 0.7265625 0.708838821490468 0.6923828125 0.7123050259965338 0.68359375 0.708838821490468 0.681640625 0.6984402079722704 0.6787109375 0.708838821490468 0.671875 0.7123050259965338 0.615234375 0.7123050259965338 0.6103515625 0.707105719237435 0.2548828125 0.708838821490468 0.2041015625 0.7105719237435009 0.1943359375 0.7279029462738301 0.140625 0.7383015597920277 0.1396484375 0.7417677642980935 0.1474609375 0.7417677642980935
3 0.7958984375 0.7712305025996533 0.79296875 0.7469670710571924 0.79296875 0.779896013864818 0.7958984375 0.7712305025996533
3 0.1396484375 0.7833622183708838 0.142578125 0.7660311958405546 0.1507158203125 0.7504332755632582 0.1650390625 0.7469670710571924 0.1439453125 0.7469670710571924 0.142578125 0.7538994800693241 0.138671875 0.7469670710571924 0.13671875 0.7816291161178509 0.1396484375 0.7833622183708838
3 0.5693359375 0.7538994800693241 0.5712890625 0.779896013864818 0.5810546875 0.7781629116117851 0.58203125 0.7556325823223571 0.603515625 0.7487001733102253 0.6015625 0.7435008665511265 0.583984375 0.7435008665511265 0.58203125 0.7538994800693241 0.5703125 0.7625649913344887 0.5751953125 0.7435008665511265 0.568359375 0.7452339688041595 0.568359375 0.7521663778162911 0.5634765625 0.7452339688041595 0.560546875 0.7504332755632582 0.55859375 0.7452339688041595 0.5546875 0.7504332755632582 0.5537109375 0.7452339688041595 0.548828125 0.7452339688041595 0.548828125 0.7504332755632582 0.5693359375 0.7538994800693241
7 0.306640625 0.006932409012131715 0.302734375 0.015597920277296359 0.306640625 0.036395147313691506 0.2978515625 0.03292894280762565 0.30078125 0.020797227036395145 0.2978515625 0.019064124783362217 0.296875 0.005199306759098786 0.2890625 0.010398613518197573 0.2890625 0.005199306759098786 0.265625 0 0 0 0 0.08492201039861351 0.0078125 0.09185441941074524 0.021484375 0.09185441941074524 0.021484375 0.10571923743500866 0.009765625 0.10918544194107452 0.0078125 0.10398613518197572 0.0068359375 0.11091854419410745 0 0.11091854419410745 0 0.998266897746967 0.9990234375 0.998266897746967 0.9990234375 0 0.3232421875 0.0034662045060658577 0.306640625 0.006932409012131715
