8 0.35546875 0.7654723127035831 0.3779296875 0.8517915309446255 0.4169921875 0.9495114006514659 0.734375 0.9511400651465799 0.7744140625 0.8338762214983714 0.7919921875 0.755700325732899 0.7861328125 0.6400651465798046 0.7578125 0.6042345276872965 0.6123046875 0.6058631921824105 0.4384765625 0.6530944625407167 0.4091796875 0.6661237785016287 0.3935546875 0.6824104234527688 0.35546875 0.750814332247557 0.35546875 0.7654723127035831
0 0.4150390625 0.7052117263843648 0.427734375 0.7198697068403909 0.4423828125 0.7231270358306189 0.474609375 0.7947882736156352 0.5009765625 0.8078175895765473 0.595703125 0.7980456026058632 0.6416015625 0.8094462540716613 0.6923828125 0.7947882736156352 0.728515625 0.7980456026058632 0.7548828125 0.8078175895765473 0.76171875 0.8013029315960912 0.7783203125 0.755700325732899 0.787109375 0.745928338762215 0.79296875 0.7231270358306189 0.78125 0.7133550488599348 0.763671875 0.7214983713355049 0.734375 0.7231270358306189 0.6845703125 0.6693811074918568 0.671875 0.6791530944625408 0.6533203125 0.6758957654723128 0.6513671875 0.6677524429967427 0.6171875 0.6677524429967427 0.6142578125 0.6791530944625408 0.603515625 0.6840390879478828 0.59765625 0.6758957654723128 0.5947265625 0.6514657980456027 0.5234375 0.6530944625407167 0.51171875 0.6677524429967427 0.490234375 0.6498371335504887 0.45703125 0.6498371335504887 0.41796875 0.6612377850162867 0.4033203125 0.6710097719869708 0.3916015625 0.6872964169381108 0.3916015625 0.7068403908794788 0.4150390625 0.7052117263843648
5 0.6513671875 0.8403908794788274 0.7021484375 0.8322475570032574 0.7412109375 0.8403908794788274 0.7587890625 0.8306188925081434 0.7548828125 0.8143322475570033 0.734375 0.8029315960912052 0.66015625 0.8029315960912052 0.6396484375 0.8143322475570033 0.6396484375 0.8371335504885994 0.6513671875 0.8403908794788274
5 0.39453125 0.8387622149837134 0.4912109375 0.8387622149837134 0.505859375 0.8338762214983714 0.5498046875 0.8387622149837134 0.55859375 0.8322475570032574 0.5703125 0.8387622149837134 0.619140625 0.8387622149837134 0.634765625 0.8338762214983714 0.634765625 0.8192182410423453 0.626953125 0.8094462540716613 0.595703125 0.7996742671009772 0.5322265625 0.8029315960912052 0.5146484375 0.8078175895765473 0.5107421875 0.8159609120521173 0.484375 0.8013029315960912 0.4423828125 0.7996742671009772 0.400390625 0.8061889250814332 0.388671875 0.8175895765472313 0.388671875 0.8322475570032574 0.39453125 0.8387622149837134
1 0.3779296875 0.8322475570032574 0.3779296875 0.8485342019543974 0.3896484375 0.8729641693811075 0.404296875 0.8827361563517916 0.41796875 0.8745928338762216 0.4306640625 0.8843648208469056 0.71875 0.8827361563517916 0.7294921875 0.8729641693811075 0.7451171875 0.8794788273615636 0.7578125 0.8713355048859935 0.7578125 0.8583061889250815 0.75390625 0.8534201954397395 0.7568359375 0.8420195439739414 0.76171875 0.8452768729641694 0.7587890625 0.8387622149837134 0.7529296875 0.8436482084690554 0.7333984375 0.8387622149837134 0.6689453125 0.8420195439739414 0.5087890625 0.8355048859934854 0.4208984375 0.8420195439739414 0.3955078125 0.8403908794788274 0.388671875 0.8355048859934854 0.3837890625 0.8224755700325733 0.3798828125 0.8289902280130294 0.3759765625 0.8241042345276873 0.373046875 0.8273615635179153 0.3779296875 0.8322475570032574
3 0.41796875 0.9511400651465799 0.41796875 0.9413680781758959 0.4287109375 0.9283387622149838 0.4287109375 0.8859934853420196 0.4140625 0.8729641693811075 0.4130859375 0.9495114006514659 0.41796875 0.9511400651465799
3 0.716796875 0.9299674267100978 0.728515625 0.9381107491856678 0.7294921875 0.9511400651465799 0.7333984375 0.9527687296416939 0.736328125 0.9495114006514659 0.736328125 0.8778501628664496 0.73046875 0.8729641693811075 0.724609375 0.8859934853420196 0.71875 0.8843648208469056 0.7158203125 0.8892508143322476 0.716796875 0.9299674267100978
2 0.7529296875 0.8745928338762216 0.763671875 0.8615635179153095 0.7626953125 0.8517915309446255 0.7685546875 0.8534201954397395 0.775390625 0.8322475570032574 0.791015625 0.7654723127035831 0.7919921875 0.744299674267101 0.787109375 0.744299674267101 0.779296875 0.757328990228013 0.759765625 0.8110749185667753 0.76171875 0.8452768729641694 0.7529296875 0.8745928338762216
4 0.37890625 0.757328990228013 0.3857421875 0.757328990228013 0.3935546875 0.7719869706840391 0.4013671875 0.7703583061889251 0.4033203125 0.7817589576547231 0.4091796875 0.7850162866449512 0.3896484375 0.7345276872964169 0.3828125 0.741042345276873 0.384765625 0.752442996742671 0.37890625 0.757328990228013
4 0.373046875 0.8322475570032574 0.3828125 0.8403908794788274 0.3896484375 0.8061889250814332 0.3941127232142857 0.8043275942298743 0.3857421875 0.7996742671009772 0.37890625 0.7833876221498371 0.3798828125 0.7654723127035831 0.36328125 0.739413680781759 0.359375 0.739413680781759 0.35546875 0.741042345276873 0.3583984375 0.7785016286644951 0.36328125 0.7866449511400652 0.373046875 0.8322475570032574
