0 0.1923828125 0.4582723279648609 0.216796875 0.4963396778916545 0.228515625 0.5080527086383602 0.2431640625 0.5387994143484627 0.2490234375 0.5431918008784773 0.2490234375 0.5505124450951684 0.2568359375 0.5666178623718887 0.37109375 0.568081991215227 0.419921875 0.5636896046852123 0.42578125 0.5695461200585652 0.7412109375 0.5695461200585652 0.7470703125 0.568081991215227 0.7529296875 0.5578330893118595 0.7587890625 0.5607613469985359 0.7568359375 0.5490483162518303 0.76171875 0.5519765739385065 0.759765625 0.5387994143484627 0.7734375 0.5197657393850659 0.779296875 0.49926793557833093 0.7880859375 0.4963396778916545 0.79296875 0.48462664714494874 0.802734375 0.4831625183016105 0.8017578125 0.47730600292825776 0.806640625 0.46998535871156666 0.8173828125 0.46998535871156666 0.818359375 0.4597364568081991 0.82421875 0.4524158125915081 0.830078125 0.4582723279648609 0.833984375 0.4553440702781845 0.83203125 0.45095168374816985 0.818359375 0.45095168374816985 0.810546875 0.4143484626647145 0.7893876953125 0.3782327964860908 0.7763671875 0.363103953147877 0.73046875 0.3367496339677892 0.677734375 0.32650073206442165 0.591796875 0.32650073206442165 0.5849609375 0.3279648609077599 0.5791015625 0.3396778916544656 0.5712890625 0.3308931185944363 0.5537109375 0.3279648609077599 0.43359375 0.32650073206442165 0.4228515625 0.33821376281112736 0.4208984375 0.3484626647144949 0.4140625 0.34407027818448027 0.4150390625 0.33382137628111275 0.408203125 0.3308931185944363 0.4013671875 0.3396778916544656 0.3974609375 0.33528550512445093 0.3896484375 0.33821376281112736 0.3876953125 0.34553440702781846 0.3759765625 0.34553440702781846 0.375 0.33382137628111275 0.3701171875 0.3308931185944363 0.3193359375 0.3279648609077599 0.3173828125 0.33235724743777456 0.310546875 0.32942898975109813 0.30078125 0.33528550512445093 0.2998046875 0.3308931185944363 0.298828125 0.3367496339677892 0.294921875 0.3308931185944363 0.2890625 0.3367496339677892 0.279296875 0.33528550512445093 0.2548828125 0.34407027818448027 0.23046875 0.35871156661786235 0.2021484375 0.3923865300146413 0.1845703125 0.42898975109809667 0.185546875 0.4553440702781845 0.1923828125 0.4582723279648609
5 0.1904296875 0.6910688140556369 0.197265625 0.7013177159590044 0.2138671875 0.7057101024890191 0.3564453125 0.7042459736456809 0.3857421875 0.7013177159590044 0.39453125 0.6954612005856515 0.4091796875 0.7027818448023426 0.43359375 0.7057101024890191 0.5634765625 0.7057101024890191 0.5927734375 0.7042459736456809 0.60546875 0.6969253294289898 0.611328125 0.7086383601756955 0.623046875 0.7086383601756955 0.63671875 0.6998535871156661 0.6396484375 0.7057101024890191 0.64453125 0.7057101024890191 0.642578125 0.6998535871156661 0.6513671875 0.6998535871156661 0.654296875 0.7042459736456809 0.6611328125 0.6998535871156661 0.66796875 0.7042459736456809 0.6767578125 0.6998535871156661 0.6953125 0.7027818448023426 0.7001953125 0.698389458272328 0.7041015625 0.7027818448023426 0.7099609375 0.6969253294289898 0.7216796875 0.6998535871156661 0.7236328125 0.7042459736456809 0.7236328125 0.6954612005856515 0.7333984375 0.6896046852122988 0.7373046875 0.6954612005856515 0.7373046875 0.7071742313323572 0.7822265625 0.7071742313323572 0.7900390625 0.7057101024890191 0.7939453125 0.6998535871156661 0.8037109375 0.6998535871156661 0.8154296875 0.6881405563689605 0.818359375 0.6764275256222547 0.8154296875 0.6398243045387995 0.7978515625 0.6120058565153734 0.78515625 0.6076134699853587 0.7451171875 0.5754026354319179 0.72265625 0.5695461200585652 0.6005859375 0.5710102489019034 0.5849609375 0.5754026354319179 0.5556640625 0.5710102489019034 0.4404296875 0.5710102489019034 0.4306640625 0.5724743777452417 0.41796875 0.5856515373352855 0.4140625 0.5754026354319179 0.40234375 0.5724743777452417 0.2666015625 0.5710102489019034 0.1953125 0.6222547584187408 0.1875 0.6398243045387995 0.1865234375 0.677891654465593 0.1904296875 0.6910688140556369
4 0.052734375 0.5080527086383602 0.1630859375 0.6866764275256223 0.1748046875 0.6969253294289898 0.1875 0.6896046852122988 0.18359375 0.6544655929721815 0.189453125 0.6266471449487555 0.251953125 0.5710102489019034 0.24609375 0.5490483162518303 0.232421875 0.5226939970717424 0.203125 0.47877013177159594 0.1748046875 0.44948755490483167 0.06640625 0.46266471449487556 0.052734375 0.4758418740849195 0.0498046875 0.4816983894582723 0.052734375 0.5080527086383602
2 0.8232421875 0.692532942898975 0.8408203125 0.6793557833089312 0.84765625 0.6647144948755491 0.84765625 0.657393850658858 0.8544921875 0.6530014641288433 0.8466796875 0.6442166910688141 0.8447265625 0.6251830161054173 0.8427734375 0.6266471449487555 0.845703125 0.636896046852123 0.837890625 0.6281112737920937 0.8359375 0.636896046852123 0.8330078125 0.6310395314787701 0.826171875 0.6383601756954612 0.82421875 0.6354319180087848 0.8203125 0.6456808199121522 0.8193359375 0.6896046852122988 0.8232421875 0.692532942898975
2 0.79296875 0.6061493411420205 0.8447265625 0.6076134699853587 0.84765625 0.623718887262079 0.859375 0.6266471449487555 0.859375 0.6354319180087848 0.853515625 0.6398243045387995 0.8623046875 0.6412884333821377 0.873046875 0.6266471449487555 0.875 0.6134699853587116 0.888671875 0.6061493411420205 0.927734375 0.5387994143484627 0.9423828125 0.5197657393850659 0.9501953125 0.5021961932650074 0.9521484375 0.48462664714494874 0.9443359375 0.46998535871156666 0.935546875 0.46266471449487556 0.8251953125 0.44948755490483167 0.8076171875 0.4670571010248902 0.7744140625 0.5124450951683748 0.75 0.5622254758418741 0.7509765625 0.5754026354319179 0.79296875 0.6061493411420205
3 0.9034623579545455 0.7028883269000399 0.9091796875 0.7071742313323572 0.927734375 0.6530014641288433 0.923828125 0.6500732064421669 0.9034623579545455 0.7028883269000399
3 0.87109375 0.821376281112738 0.8681640625 0.8301610541727673 0.8486328125 0.8184480234260615 0.841796875 0.808199121522694 0.8179651662844037 0.8094751971200991 0.81640625 0.8125915080527086 0.873046875 0.856515373352855 0.8759765625 0.8667642752562227 0.8837890625 0.8696925329428989 0.8896484375 0.8594436310395315 0.892578125 0.8696925329428989 0.884765625 0.8228404099560761 0.88671875 0.7759882869692534 0.90625 0.7130307467057102 0.9010535037878787 0.7091352766316164 0.8876953125 0.7437774524158126 0.873046875 0.7686676427525623 0.8759765625 0.7759882869692534 0.8701171875 0.7964860907759883 0.87109375 0.821376281112738
3 0.0888671875 0.7013177159590044 0.0947265625 0.6954612005856515 0.09765625 0.7027818448023426 0.0927734375 0.7086383601756955 0.107421875 0.752562225475842 0.1142578125 0.7862371888726207 0.115234375 0.8301610541727673 0.1083984375 0.8696925329428989 0.11328125 0.8462664714494876 0.1171875 0.8696925329428989 0.123046875 0.8682284040995608 0.1279296875 0.856515373352855 0.1865234375 0.8096632503660322 0.15625 0.8052708638360176 0.142578125 0.7920937042459737 0.109375 0.7320644216691069 0.0830078125 0.6632503660322109 0.0771484375 0.6500732064421669 0.0732421875 0.6486090775988287 0.072265625 0.6530014641288433 0.0888671875 0.7013177159590044
7 0.056640625 0.5183016105417277 0.0439453125 0.5285505124450951 0.0478515625 0.5578330893118595 0.0771484375 0.6500732064421669 0.083984375 0.6617862371888726 0.0888671875 0.6896046852122988 0.095703125 0.6954612005856515 0.09765625 0.7101024890190337 0.1015625 0.7159590043923865 0.1015625 0.7335285505124451 0.1103515625 0.7554904831625183 0.12109375 0.767203513909224 0.1142578125 0.7686676427525623 0.11328125 0.7789165446559297 0.12109375 0.7950219619326501 0.1240234375 0.7891654465592972 0.1240234375 0.7964860907759883 0.1162109375 0.7950219619326501 0.1162109375 0.7994143484626648 0.130859375 0.8096632503660322 0.12890625 0.8169838945827234 0.1201171875 0.808199121522694 0.1162109375 0.8228404099560761 0.1162109375 0.8653001464128843 0.123046875 0.8550512445095169 0.1240234375 0.8594436310395315 0.1240234375 0.8535871156661786 0.1298828125 0.8535871156661786 0.1318359375 0.8462664714494876 0.146484375 0.8389458272327965 0.13671875 0.8330893118594437 0.1416015625 0.8243045387994143 0.1474609375 0.8228404099560761 0.150390625 0.8316251830161054 0.154296875 0.8316251830161054 0.1728515625 0.8169838945827234 0.1708984375 0.808199121522694 0.18359375 0.8052708638360176 0.77734375 0.8038067349926793 0.81640625 0.8052708638360176 0.8583984375 0.8448023426061493 0.8681640625 0.8477306002928258 0.87890625 0.8667642752562227 0.8876953125 0.8682284040995608 0.890625 0.8653001464128843 0.8828125 0.8345534407027818 0.8828125 0.7920937042459737 0.88671875 0.7686676427525623 0.8974609375 0.7423133235724744 0.8994140625 0.7247437774524158 0.8955078125 0.718887262079063 0.8994140625 0.6998535871156661 0.90625 0.7042459736456809 0.9111328125 0.698389458272328 0.91015625 0.6910688140556369 0.9150390625 0.6852122986822841 0.9111328125 0.6808199121522694 0.9150390625 0.6705710102489019 0.9189453125 0.6705710102489019 0.916015625 0.657393850658858 0.921875 0.6530014641288433 0.9228515625 0.6354319180087848 0.9296875 0.6295754026354319 0.931640625 0.6149341142020498 0.9384765625 0.6046852122986823 0.9580078125 0.5358711566617862 0.9560546875 0.5256222547584188 0.9462890625 0.5168374816983895 0.9521484375 0.4831625183016105 0.9365234375 0.46266471449487556 0.8349609375 0.4480234260614934 0.8203125 0.44948755490483167 0.80859375 0.4084919472913617 0.78125 0.36603221083455345 0.7373046875 0.33821376281112736 0.6728515625 0.32503660322108346 0.5966796875 0.32503660322108346 0.583984375 0.3279648609077599 0.578125 0.33821376281112736 0.5732421875 0.3308931185944363 0.5625 0.32650073206442165 0.5166015625 0.32503660322108346 0.4326171875 0.32503660322108346 0.423828125 0.33382137628111275 0.408203125 0.32503660322108346 0.3349609375 0.32503660322108346 0.2880859375 0.3308931185944363 0.251953125 0.34407027818448027 0.2177734375 0.3689604685212299 0.1884765625 0.4158125915080527 0.1826171875 0.44655929721815524 0.1787109375 0.45095168374816985 0.1513671875 0.44948755490483167 0.0654296875 0.46266471449487556 0.0498046875 0.4802342606149342 0.0498046875 0.5007320644216692 0.056640625 0.5183016105417277
1 0.0498046875 0.5622254758418741 0.0986328125 0.7057101024890191 0.109375 0.7232796486090776 0.1103515625 0.7320644216691069 0.1240234375 0.759882869692533 0.14453125 0.7920937042459737 0.1669921875 0.8052708638360176 0.841796875 0.8038067349926793 0.8583984375 0.7906295754026355 0.8779296875 0.7510980966325037 0.888671875 0.7379209370424598 0.8916015625 0.7232796486090776 0.921875 0.6544655929721815 0.9228515625 0.6427525622254759 0.9345703125 0.6120058565153734 0.9296875 0.6090775988286969 0.9306640625 0.6032210834553441 0.9345703125 0.5973645680819912 0.9384765625 0.6002928257686676 0.9423828125 0.5929721815519766 0.95703125 0.5373352855051244 0.9560546875 0.527086383601757 0.9482421875 0.5212298682284041 0.9326171875 0.5329428989751098 0.90234375 0.5856515373352855 0.892578125 0.6090775988286969 0.89453125 0.616398243045388 0.8896484375 0.616398243045388 0.873046875 0.636896046852123 0.8603515625 0.6632503660322109 0.8623046875 0.6705710102489019 0.8505859375 0.677891654465593 0.8466796875 0.6998535871156661 0.857421875 0.6998535871156661 0.8564453125 0.7057101024890191 0.8603515625 0.7057101024890191 0.859375 0.7013177159590044 0.8642578125 0.698389458272328 0.8837890625 0.6998535871156661 0.8876953125 0.7086383601756955 0.88671875 0.7218155197657394 0.7216796875 0.7232796486090776 0.703125 0.718887262079063 0.607421875 0.7232796486090776 0.5986328125 0.7218155197657394 0.5947265625 0.7057101024890191 0.4169921875 0.7071742313323572 0.392578125 0.7013177159590044 0.376953125 0.7057101024890191 0.205078125 0.7071742313323572 0.1904296875 0.6998535871156661 0.171875 0.6998535871156661 0.138671875 0.6530014641288433 0.064453125 0.527086383601757 0.0595703125 0.5226939970717424 0.0458984375 0.5256222547584188 0.044921875 0.5417276720351392 0.0498046875 0.5622254758418741
