0 0.2822265625 0.5267857142857142 0.294921875 0.5282738095238095 0.30141646476675427 0.5155497152869032 0.283203125 0.5148809523809523 0.2822265625 0.5267857142857142
0 0.3349609375 0.5208333333333333 0.3642578125 0.5178571428571428 0.3268879233509169 0.5164849839899361 0.326171875 0.5282738095238095 0.3349609375 0.5208333333333333
0 0.3193359375 0.5297619047619048 0.31709872159090907 0.5161255411255411 0.3066811162218907 0.5157430243477917 0.3046875 0.5297619047619048 0.3193359375 0.5297619047619048
0 0.3935546875 0.5520833333333333 0.3994140625 0.6071428571428571 0.4111328125 0.6428571428571428 0.4404296875 0.6473214285714286 0.4541015625 0.644345238095238 0.4599609375 0.5952380952380951 0.4560546875 0.5729166666666666 0.45703125 0.5282738095238095 0.4541015625 0.5163690476190477 0.3740234375 0.5148809523809523 0.3681640625 0.5238095238095238 0.365234375 0.550595238095238 0.3935546875 0.5520833333333333
0 0.4658203125 0.5833333333333333 0.4658203125 0.6413690476190477 0.470703125 0.650297619047619 0.5029296875 0.644345238095238 0.591796875 0.6428571428571428 0.595703125 0.6383928571428571 0.5986328125 0.6116071428571428 0.6435546875 0.6041666666666666 0.646484375 0.5967261904761905 0.6494140625 0.6041666666666666 0.6572265625 0.6086309523809523 0.7314453125 0.6071428571428571 0.734375 0.6056547619047619 0.7333984375 0.59375 0.7275390625 0.5773809523809523 0.7412109375 0.5669642857142857 0.78125 0.5773809523809523 0.8232421875 0.5729166666666666 0.8330078125 0.581845238095238 0.837890625 0.6041666666666666 0.84765625 0.6056547619047619 0.8505859375 0.5982142857142857 0.8525390625 0.5148809523809523 0.849609375 0.5133928571428571 0.7646484375 0.5148809523809523 0.7373046875 0.5044642857142857 0.734375 0.5163690476190477 0.6494140625 0.5148809523809523 0.6455078125 0.519345238095238 0.6435546875 0.5357142857142857 0.64453125 0.5773809523809523 0.6416015625 0.5773809523809523 0.6376953125 0.5669642857142857 0.63671875 0.5297619047619048 0.6298828125 0.5148809523809523 0.4736328125 0.5148809523809523 0.4716796875 0.525297619047619 0.4716796875 0.5610119047619048 0.4658203125 0.5833333333333333
5 0.232421875 0.7827380952380951 0.505859375 0.7842261904761905 0.6337890625 0.7797619047619048 0.66796875 0.7842261904761905 0.8212890625 0.7842261904761905 0.91796875 0.78125 0.927734375 0.775297619047619 0.9287109375 0.7619047619047619 0.927734375 0.7366071428571428 0.9189453125 0.6964285714285714 0.884765625 0.6785714285714286 0.8623046875 0.6607142857142857 0.8349609375 0.6651785714285714 0.802734375 0.6622023809523809 0.7890625 0.65625 0.775390625 0.6622023809523809 0.7470703125 0.6622023809523809 0.7294921875 0.650297619047619 0.7099609375 0.6473214285714286 0.6982421875 0.6532738095238095 0.7001953125 0.6607142857142857 0.6884765625 0.6726190476190476 0.6787109375 0.6711309523809523 0.671875 0.675595238095238 0.6513671875 0.6666666666666666 0.6123046875 0.6711309523809523 0.6083984375 0.6517857142857142 0.599609375 0.6488095238095238 0.5986328125 0.65625 0.5966796875 0.6488095238095238 0.591796875 0.6473214285714286 0.47265625 0.6532738095238095 0.4599609375 0.6741071428571428 0.455078125 0.65625 0.4296875 0.650297619047619 0.416015625 0.650297619047619 0.400390625 0.6592261904761905 0.3232421875 0.6696428571428571 0.314453125 0.6696428571428571 0.306640625 0.6592261904761905 0.30078125 0.6577380952380951 0.2763671875 0.6592261904761905 0.2470703125 0.6741071428571428 0.2177734375 0.7053571428571428 0.2177734375 0.7782738095238095 0.232421875 0.7827380952380951
4 0.21875 0.7038690476190476 0.21875 0.7098214285714286 0.2109375 0.7157738095238095 0.2197265625 0.7172619047619048 0.2119140625 0.7269345238095237 0.21875 0.7306547619047619 0.21875 0.7395833333333333 0.2119140625 0.7366071428571428 0.2177734375 0.7410714285714286 0.2119140625 0.744047619047619 0.21875 0.744047619047619 0.2119140625 0.751860119047619 0.21875 0.7529761904761905 0.2177734375 0.7589285714285714 0.2119140625 0.759672619047619 0.2119140625 0.767485119047619 0.21875 0.7633928571428571 0.216796875 0.7723214285714286 0.2119140625 0.775297619047619 0.2158203125 0.7767857142857142 0.21875 0.7678571428571428 0.220703125 0.6994047619047619 0.263671875 0.6607142857142857 0.275390625 0.5773809523809523 0.2744140625 0.5699404761904762 0.2666015625 0.5684523809523809 0.2119140625 0.587797619047619 0.2109375 0.7075892857142857 0.21875 0.7038690476190476
2 0.8564453125 0.6101190476190477 0.90625 0.6101190476190477 0.9130859375 0.6398809523809523 0.91015625 0.6428571428571428 0.916015625 0.6488095238095238 0.9189453125 0.6636904761904762 0.90625 0.6696428571428571 0.900390625 0.6607142857142857 0.900390625 0.6532738095238095 0.8955078125 0.6607142857142857 0.8935546875 0.6547619047619048 0.88671875 0.6532738095238095 0.880859375 0.65625 0.8828125 0.6711309523809523 0.8935546875 0.6785714285714286 0.896484375 0.6651785714285714 0.90234375 0.6696428571428571 0.89990234375 0.6785714285714286 0.908203125 0.6785714285714286 0.908203125 0.6696428571428571 0.912109375 0.6696428571428571 0.9130859375 0.6785714285714286 0.9189453125 0.6800595238095238 0.916015625 0.6889880952380951 0.9296875 0.6994047619047619 0.9296875 0.6540178571428571 0.9208984375 0.6547619047619048 0.9140625 0.6398809523809523 0.9296875 0.6458333333333333 0.9306640625 0.6398809523809523 0.9169921875 0.6369047619047619 0.91015625 0.6220238095238095 0.9306640625 0.6235119047619048 0.9296875 0.619047619047619 0.9169921875 0.6160714285714286 0.9306640625 0.6071428571428571 0.9296875 0.5863095238095238 0.8525390625 0.5714285714285714 0.8525390625 0.5982142857142857 0.8564453125 0.6101190476190477
3 0.33984375 0.8184523809523808 0.3349609375 0.8035714285714285 0.337890625 0.7991071428571428 0.3466796875 0.806547619047619 0.349609375 0.7991071428571428 0.34375 0.7916666666666666 0.3388671875 0.7991071428571428 0.328125 0.7976190476190476 0.328125 0.7872023809523809 0.3193359375 0.7857142857142857 0.3173828125 0.8407738095238095 0.3203125 0.8482142857142856 0.32421875 0.8482142857142856 0.33984375 0.8184523809523808
3 0.7861328125 0.7931547619047619 0.76904296875 0.7886904761904762 0.7686437111533149 0.7972079715864246 0.810546875 0.8467261904761905 0.81640625 0.8467261904761905 0.818359375 0.8422619047619048 0.8056640625 0.8392857142857142 0.80078125 0.8318452380952381 0.802734375 0.8214285714285714 0.8076171875 0.819940476190476 0.818359375 0.819940476190476 0.8193359375 0.8288690476190477 0.8193359375 0.8005952380952381 0.80859375 0.8080357142857142 0.8095703125 0.7901785714285714 0.8193359375 0.7916666666666666 0.8173828125 0.7857142857142857 0.8115234375 0.7857142857142857 0.794921875 0.8095238095238095 0.7890625 0.806547619047619 0.7900390625 0.7991071428571428 0.7861328125 0.7931547619047619
7 0 0.43303571428571425 0.01171875 0.44494047619047616 0.0224609375 0.44642857142857145 0.0244140625 0.4375 0.0302734375 0.43154761904761896 0.0322265625 0.41815476190476186 0.029296875 0.38541666666666663 0.037109375 0.38244047619047616 0.041015625 0.3556547619047619 0.0478515625 0.3482142857142857 0.056640625 0.34672619047619047 0.0654296875 0.3318452380952381 0.078125 0.34226190476190477 0.087890625 0.34226190476190477 0.08984375 0.3482142857142857 0.0869140625 0.35119047619047616 0.0908203125 0.3556547619047619 0.103515625 0.3571428571428571 0.10546875 0.3839285714285714 0.119140625 0.3839285714285714 0.130859375 0.39732142857142855 0.12890625 0.41815476190476186 0.123046875 0.4226190476190476 0.126953125 0.4226190476190476 0.125 0.425595238095238 0.130859375 0.43005952380952384 0.1298828125 0.4345238095238095 0.134765625 0.4419642857142857 0.1435546875 0.44494047619047616 0.146484375 0.4404761904761904 0.1484375 0.44791666666666663 0.1435546875 0.44940476190476186 0.1591796875 0.4523809523809524 0.1611328125 0.46726190476190477 0.1689453125 0.45982142857142855 0.17578125 0.4657738095238095 0.177734375 0.47767857142857145 0.189453125 0.4836309523809524 0.1904296875 0.49107142857142855 0.177734375 0.5044642857142857 0.1728515625 0.5327380952380951 0.1845703125 0.5357142857142857 0.1865234375 0.5431547619047619 0.197265625 0.550595238095238 0.19140625 0.5595238095238095 0.19140625 0.5848214285714286 0.169921875 0.5744047619047619 0.1689453125 0.581845238095238 0.1630859375 0.5803571428571428 0.1650390625 0.5863095238095238 0.1572265625 0.5863095238095238 0.15625 0.5967261904761905 0.1533203125 0.5982142857142857 0.158203125 0.6056547619047619 0.154296875 0.6116071428571428 0.1513671875 0.6785714285714286 0.1474609375 0.6889880952380951 0.142578125 0.744047619047619 0.142578125 0.7559523809523809 0.150390625 0.7678571428571428 0.13671875 0.78125 0.1376953125 0.7901785714285714 0.1298828125 0.8080357142857142 0.1123046875 0.819940476190476 0.080078125 0.8214285714285714 0.0439453125 0.7723214285714286 0.044921875 0.7797619047619048 0.037109375 0.7708333333333333 0 0.7723214285714286 0 0.9985119047619048 0.9990234375 0.9985119047619048 0.9990234375 0.7767857142857142 0.982421875 0.7723214285714286 0.986328125 0.7663690476190476 0.9990234375 0.769345238095238 0.9951171875 0.7663690476190476 0.9990234375 0.761876488095238 0.9990234375 0 0 0 0 0.43303571428571425
