5 0.251953125 0.7736156351791531 0.529296875 0.7752442996742671 0.5751953125 0.7736156351791531 0.587890625 0.7671009771986971 0.603515625 0.7736156351791531 0.74609375 0.7719869706840391 0.7529296875 0.755700325732899 0.751953125 0.7328990228013029 0.744140625 0.7133550488599348 0.73828125 0.7214983713355049 0.7314453125 0.7166123778501629 0.7236328125 0.7214983713355049 0.7197265625 0.7117263843648208 0.697265625 0.7052117263843648 0.6943359375 0.7019543973941368 0.697265625 0.6889250814332248 0.7060546875 0.6840390879478828 0.6826171875 0.6742671009771988 0.5576171875 0.6807817589576548 0.529296875 0.6726384364820848 0.4716796875 0.6726384364820848 0.4140625 0.6889250814332248 0.408203125 0.6824104234527688 0.3740234375 0.6742671009771988 0.3203125 0.6726384364820848 0.2578125 0.6938110749185669 0.2431640625 0.7133550488599348 0.240234375 0.7263843648208469 0.2412109375 0.7671009771986971 0.251953125 0.7736156351791531
0 0.4853515625 0.6693811074918568 0.5211591796875 0.6710097719869708 0.5830078125 0.6856677524429968 0.603515625 0.6710097719869708 0.60546875 0.6433224755700326 0.6376953125 0.6335504885993486 0.6494140625 0.6530944625407167 0.6484375 0.6644951140065147 0.6533203125 0.6661237785016287 0.712890625 0.6807817589576548 0.775390625 0.6791530944625408 0.779296875 0.6726384364820848 0.787109375 0.6074918566775245 0.7763671875 0.5993485342019544 0.7744140625 0.5716612377850163 0.74609375 0.5602605863192183 0.33019182042619544 0.5588215376488993 0.33984375 0.5749185667752443 0.34375 0.6482084690553747 0.353515625 0.6661237785016287 0.419921875 0.6824104234527688 0.4853515625 0.6693811074918568
4 0.22265625 0.8045602605863192 0.232421875 0.8045602605863192 0.240234375 0.7687296416938111 0.23828125 0.7345276872964169 0.2607421875 0.6661237785016287 0.2490234375 0.5895765472312704 0.2412109375 0.5635179153094463 0.216796875 0.5684039087947883 0.212890625 0.5928338762214984 0.212890625 0.7915309446254072 0.22265625 0.8045602605863192
2 0.755859375 0.8029315960912052 0.7763671875 0.8061889250814332 0.779296875 0.8029315960912052 0.779296875 0.7166123778501629 0.7724609375 0.7084690553745928 0.76171875 0.7068403908794788 0.7509765625 0.7084690553745928 0.755859375 0.8029315960912052
2 0.7333984375 0.6775244299674268 0.7607421875 0.6872964169381108 0.77734375 0.6791530944625408 0.77734375 0.5732899022801303 0.75 0.5602605863192183 0.736328125 0.5635179153094463 0.73046875 0.6123778501628665 0.7333984375 0.6775244299674268
1 0.240234375 0.8061889250814332 0.7490234375 0.8045602605863192 0.7529296875 0.8029315960912052 0.75390625 0.7931596091205212 0.751953125 0.7768729641693811 0.73046875 0.7719869706840391 0.2392578125 0.7752442996742671 0.2373046875 0.8013029315960912 0.240234375 0.8061889250814332
3 0.2783203125 0.8371335504885994 0.2802734375 0.8078175895765473 0.2734375 0.8061889250814332 0.2705078125 0.8208469055374593 0.26953125 0.8338762214983714 0.2783203125 0.8371335504885994
3 0.7109375 0.8306188925081434 0.71875 0.8371335504885994 0.7197265625 0.8094462540716613 0.712890625 0.8061889250814332 0.708984375 0.8094462540716613 0.7109375 0.8306188925081434
3 0.7412109375 0.8778501628664496 0.744140625 0.8843648208469056 0.7509765625 0.8843648208469056 0.7451171875 0.8110749185667753 0.7333984375 0.8061889250814332 0.7314453125 0.8127035830618893 0.7412109375 0.8778501628664496
3 0.2470703125 0.8827361563517916 0.2578125 0.8078175895765473 0.2470703125 0.8061889250814332 0.244140625 0.8110749185667753 0.23828125 0.8648208469055375 0.23828125 0.8827361563517916 0.2470703125 0.8827361563517916
8 0.2177734375 0.8029315960912052 0.2314453125 0.8061889250814332 0.244140625 0.8192182410423453 0.2392578125 0.8827361563517916 0.2451171875 0.8827361563517916 0.2470703125 0.8762214983713356 0.2568359375 0.8143322475570033 0.271484375 0.8159609120521173 0.271484375 0.8322475570032574 0.27734375 0.8338762214983714 0.2822265625 0.8078175895765473 0.3203125 0.8045602605863192 0.708984375 0.8061889250814332 0.712890625 0.8338762214983714 0.716796875 0.8257328990228013 0.734375 0.8192182410423453 0.7412109375 0.8762214983713356 0.7490234375 0.8827361563517916 0.7509765625 0.8713355048859935 0.7451171875 0.8338762214983714 0.7451171875 0.8061889250814332 0.779296875 0.8029315960912052 0.779296875 0.737785016286645 0.7734375 0.7328990228013029 0.7529296875 0.7345276872964169 0.7490234375 0.7166123778501629 0.7373046875 0.7117263843648208 0.7353515625 0.6791530944625408 0.7421875 0.6742671009771988 0.7568359375 0.6807817589576548 0.7763671875 0.6775244299674268 0.77734375 0.5798045602605864 0.771484375 0.5667752442996743 0.7451171875 0.5586319218241043 0.671875 0.5570032573289903 0.291015625 0.5570032573289903 0.2646484375 0.5602605863192183 0.24609375 0.5700325732899023 0.2431640625 0.5635179153094463 0.2333984375 0.5635179153094463 0.216796875 0.5684039087947883 0.2138671875 0.5749185667752443 0.212890625 0.7899022801302932 0.2177734375 0.8029315960912052
