2 0.7424400417101147 0.45960034752389234 0.7351407716371219 0.47610773240660303 0.7372262773722628 0.5960034752389227 0.7403545359749739 0.6012163336229366 0.7455683003128258 0.5960034752389227 0.7445255474452555 0.48653344917463076 0.7528675703858185 0.46220677671589927 0.8352450469238789 0.45004344048653344 0.8498435870698644 0.44222415291051265 0.8456725755995829 0.4387489139878367 0.8498435870698644 0.4352736750651608 0.843587069864442 0.4352736750651608 0.7591240875912408 0.4483058210251955 0.7424400417101147 0.45960034752389234
5 0.8686131386861314 0.47958297132927896 0.8654848800834202 0.4856646394439618 0.8561001042752867 0.4856646394439618 0.8446298227320124 0.47958297132927896 0.8133472367049009 0.47610773240660303 0.7966631908237747 0.4856646394439618 0.7559958289885297 0.48305821025195483 0.7497393117831074 0.4847958297132928 0.7476538060479666 0.5603822762814944 0.748696558915537 0.5899218071242398 0.7518248175182481 0.5968722849695917 0.7685088633993743 0.5968722849695917 0.8102189781021897 0.5838401390095569 0.8206465067778936 0.5838401390095569 0.8832116788321167 0.5690703735881842 0.9103232533889468 0.5595134665508253 0.9134515119916579 0.4995655951346656 0.9103232533889468 0.4821894005212859 0.8978102189781021 0.474370112945265 0.8967674661105317 0.474370112945265 0.8905109489051094 0.47784535186794097 0.8686131386861314 0.47958297132927896
5 0.09071949947862357 0.45091225021720244 0.08237747653806048 0.46307558644656827 0.08237747653806048 0.5152041702867073 0.0875912408759124 0.532580364900087 0.10323253388946818 0.5377932232841008 0.15119916579770593 0.5421372719374458 0.15745568300312823 0.5456125108601217 0.16579770594369134 0.5430060816681147 0.21376433785192908 0.5508253692441356 0.25443169968717416 0.5525629887054736 0.2721584984358707 0.5569070373588184 0.36496350364963503 0.5664639443961772 0.39103232533889465 0.5716768027801912 0.6798748696558915 0.6046915725456126 0.7028154327424401 0.6099044309296264 0.7059436913451511 0.6081668114682885 0.7163712200208551 0.6133796698523024 0.7194994786235662 0.6099044309296264 0.7267987486965588 0.6107732406602955 0.7340980187695516 0.6020851433536056 0.7299270072992701 0.4804517810599479 0.6694473409801877 0.474370112945265 0.6329509906152242 0.473501303214596 0.6079249217935349 0.46828844483058213 0.6016684045881127 0.4613379669852303 0.5943691345151199 0.4604691572545613 0.5818561001042752 0.4648132059079062 0.5589155370177268 0.4656820156385752 0.4327424400417101 0.45351867940920937 0.410844629822732 0.45004344048653344 0.40250260688216893 0.44135534317984365 0.3795620437956204 0.4474370112945265 0.3555787278415016 0.4474370112945265 0.22836287799791447 0.4352736750651608 0.22210636079249216 0.4352736750651608 0.11678832116788321 0.4448305821025196 0.09071949947862357 0.45091225021720244
0 0.7872784150156413 0.4847958297132928 0.8998957247132429 0.4726324934839271 0.9082377476538059 0.46741963509991313 0.9113660062565172 0.4456993918331886 0.9082377476538059 0.4378801042571677 0.9030239833159541 0.4370112945264987 0.799791449426486 0.4526498696785405 0.7507820646506778 0.473501303214596 0.7518248175182481 0.4821894005212859 0.7872784150156413 0.4847958297132928
3 0.7049009384775807 0.637706342311034 0.7059436913451511 0.6437880104257168 0.7132429614181438 0.6455256298870549 0.7163712200208551 0.6446568201563858 0.7163712200208551 0.6255430060816682 0.7111574556830031 0.6177237185056473 0.7090719499478623 0.6177237185056473 0.7059436913451511 0.6185925282363163 0.7049009384775807 0.637706342311034
2 0.743482794577685 0.6159860990443093 0.7372262773722628 0.6220677671589923 0.7372262773722628 0.6437880104257168 0.7424400417101147 0.6420503909643789 0.7445255474452555 0.637706342311034 0.7455683003128258 0.6220677671589923 0.7424400417101147 0.6194613379669852 0.7445255474452555 0.6159860990443093 0.7413972888425443 0.6072980017376195 0.7413972888425443 0.6055603822762816 0.7393117831074034 0.6133796698523024 0.743482794577685 0.6159860990443093
0 0.23566214807090718 0.43440486533449174 0.7215849843587069 0.47871416159860997 0.9071949947862356 0.42397914856646396 0.9144942648592282 0.4144222415291051 0.9155370177267986 0.3987836663770635 0.9103232533889468 0.3866203301476977 0.9030239833159541 0.38401390095569077 0.7789363920750781 0.3657688966116421 0.2617309697601668 0.33275412684622074 0.24713242961418141 0.34057341442224154 0.22523461939520334 0.4196350999131191 0.2262773722627737 0.4291920069504779 0.23566214807090718 0.43440486533449174
3 0.20959332638164754 0.579496090356212 0.21063607924921796 0.5603822762814944 0.20646506777893636 0.5525629887054736 0.20229405630865482 0.5525629887054736 0.20125130344108447 0.576889661164205 0.20959332638164754 0.579496090356212
4 0.10531803962460898 0.4005212858384014 0.09697601668404587 0.40747176368375326 0.09176225234619395 0.41702867072111205 0.09071949947862357 0.4456993918331886 0.09697601668404587 0.4456993918331886 0.09906152241918664 0.41615986099044316 0.10844629822732013 0.4057341442224153 0.19812304483837329 0.3970460469157255 0.21376433785192908 0.39183318853171156 0.23149113660062565 0.39096437880104257 0.23357664233576642 0.3848827106863597 0.2273201251303441 0.3848827106863597 0.1261730969760167 0.39357080799304955 0.10531803962460898 0.4005212858384014
3 0.802919708029197 0.6116420503909644 0.8060479666319083 0.6133796698523024 0.8133472367049009 0.6107732406602955 0.8112617309697601 0.5873153779322329 0.8091762252346193 0.5873153779322329 0.802919708029197 0.5907906168549089 0.802919708029197 0.6116420503909644
3 0.8644421272158498 0.6099044309296264 0.8696558915537016 0.6099044309296264 0.8727841501564129 0.6064291920069504 0.8717413972888425 0.5734144222415292 0.8665276329509906 0.5734144222415292 0.862356621480709 0.5760208514335361 0.8644421272158498 0.6099044309296264
3 0.09697601668404587 0.58123370981755 0.10010427528675703 0.578627280625543 0.10010427528675703 0.5403996524761078 0.09593326381647549 0.5360556038227628 0.09071949947862357 0.5360556038227628 0.09071949947862357 0.578627280625543 0.09697601668404587 0.58123370981755
9 0 0.9991311902693312 0.9989572471324296 0.9991311902693312 0.9989572471324296 0 0.9937267987486965 0 0 0 0 0.9991311902693312
