5 0.2431640625 0.8263888888888888 0.41796875 0.8229166666666666 0.5888671875 0.828125 0.62109375 0.8229166666666666 0.7236328125 0.829861111111111 0.7509765625 0.8246527777777777 0.75390625 0.7725694444444444 0.7470703125 0.7621527777777778 0.7509765625 0.751736111111111 0.7451171875 0.736111111111111 0.7216796875 0.7413194444444444 0.6904296875 0.720486111111111 0.6826171875 0.720486111111111 0.6787109375 0.7326388888888888 0.6708984375 0.734375 0.6123046875 0.736111111111111 0.59375 0.7170138888888888 0.5693359375 0.7291666666666666 0.5595703125 0.720486111111111 0.541015625 0.7170138888888888 0.4716796875 0.7152777777777778 0.431640625 0.7222222222222222 0.423828125 0.7309027777777778 0.4169921875 0.7222222222222222 0.38671875 0.7152777777777778 0.31640625 0.7152777777777778 0.2900390625 0.7222222222222222 0.2626953125 0.7482638888888888 0.2548828125 0.767361111111111 0.23828125 0.7760416666666666 0.2373046875 0.8038194444444444 0.2431640625 0.8263888888888888
0 0.5751953125 0.6857638888888888 0.5732421875 0.7222222222222222 0.587890625 0.7118055555555555 0.6123046875 0.7170138888888888 0.6201171875 0.7118055555555555 0.6982421875 0.7100694444444444 0.701171875 0.6493055555555555 0.6962890625 0.6006944444444444 0.5810546875 0.5989583333333333 0.57421875 0.611111111111111 0.5703125 0.6354166666666666 0.5751953125 0.6857638888888888
0 0.2978515625 0.7135416666666666 0.3427734375 0.7083333333333333 0.4111328125 0.71875 0.419921875 0.7135416666666666 0.4189453125 0.6128472222222222 0.40625 0.595486111111111 0.2998046875 0.595486111111111 0.2958984375 0.5989583333333333 0.2939453125 0.6284722222222222 0.2919921875 0.6944444444444444 0.2978515625 0.7135416666666666
0 0.498046875 0.7118055555555555 0.5615234375 0.71875 0.560546875 0.5989583333333333 0.556640625 0.59375 0.44921875 0.59375 0.4375 0.6059027777777778 0.431640625 0.6319444444444444 0.4306640625 0.71875 0.498046875 0.7118055555555555
4 0.228515625 0.6788194444444444 0.2373046875 0.8125 0.2431640625 0.8211805555555555 0.255859375 0.8211805555555555 0.2607421875 0.8125 0.2548828125 0.7760416666666666 0.265625 0.7447916666666666 0.2890625 0.720486111111111 0.2919921875 0.6336805555555555 0.2900390625 0.625 0.265625 0.625 0.232421875 0.6440972222222222 0.228515625 0.6510416666666666 0.228515625 0.6788194444444444
2 0.689453125 0.6961805555555555 0.69921875 0.71875 0.7294921875 0.7482638888888888 0.736328125 0.7690972222222222 0.732421875 0.814236111111111 0.736328125 0.8211805555555555 0.7509765625 0.8229166666666666 0.7587890625 0.7274305555555555 0.7666015625 0.704861111111111 0.779296875 0.6996527777777778 0.7802734375 0.6875 0.765625 0.6857638888888888 0.7626953125 0.6788194444444444 0.763671875 0.6493055555555555 0.7509765625 0.6371527777777778 0.7265625 0.625 0.708984375 0.625 0.697265625 0.642361111111111 0.7021484375 0.6649305555555555 0.689453125 0.6961805555555555
3 0.7197265625 0.8576388888888888 0.720703125 0.8333333333333333 0.7177734375 0.8333333333333333 0.716796875 0.8524305555555555 0.7197265625 0.8576388888888888
3 0.275390625 0.8576388888888888 0.2783203125 0.8315972222222222 0.2705078125 0.8315972222222222 0.271484375 0.8524305555555555 0.275390625 0.8576388888888888
3 0.7470703125 0.8524305555555555 0.7470703125 0.8715277777777777 0.7509765625 0.8784722222222222 0.7509765625 0.8246527777777777 0.7373046875 0.828125 0.7470703125 0.8524305555555555
3 0.2412109375 0.876736111111111 0.2451171875 0.845486111111111 0.2646484375 0.829861111111111 0.2392578125 0.8263888888888888 0.23828125 0.8732638888888888 0.2412109375 0.876736111111111
1 0.240234375 0.8350694444444444 0.6758662109375 0.8315972222222222 0.685546875 0.8246527777777777 0.68588671875 0.8315972222222222 0.744140625 0.8315972222222222 0.751953125 0.8402777777777777 0.7509765625 0.8263888888888888 0.732421875 0.8211805555555555 0.24609375 0.8246527777777777 0.2392578125 0.8263888888888888 0.240234375 0.8350694444444444
8 0.240234375 0.876736111111111 0.2451171875 0.8385416666666666 0.2509765625 0.8315972222222222 0.2626953125 0.8315972222222222 0.275390625 0.8506944444444444 0.2833984375 0.8315972222222222 0.3515625 0.8246527777777777 0.365234375 0.829861111111111 0.462890625 0.8315972222222222 0.7060546875 0.829861111111111 0.71484375 0.8350694444444444 0.7197265625 0.8559027777777777 0.720703125 0.84375 0.7294921875 0.8315972222222222 0.7412109375 0.829861111111111 0.748046875 0.876736111111111 0.7509765625 0.876736111111111 0.759765625 0.7152777777777778 0.7802734375 0.703125 0.7822265625 0.6927083333333333 0.7880859375 0.6909722222222222 0.787109375 0.6857638888888888 0.771484375 0.6822916666666666 0.7626953125 0.6666666666666666 0.763671875 0.6493055555555555 0.7607421875 0.6440972222222222 0.7236328125 0.6232638888888888 0.705078125 0.625 0.697265625 0.609375 0.697265625 0.595486111111111 0.580078125 0.59375 0.5751953125 0.5989583333333333 0.572265625 0.6163194444444444 0.560546875 0.6041666666666666 0.556640625 0.5920138888888888 0.4443359375 0.59375 0.4326171875 0.6232638888888888 0.419921875 0.6215277777777778 0.4130859375 0.595486111111111 0.2958984375 0.59375 0.291015625 0.626736111111111 0.267578125 0.625 0.23046875 0.6458333333333333 0.23046875 0.7291666666666666 0.240234375 0.876736111111111
