0 0.107421875 0.4732142857142857 0.10546875 0.4836309523809524 0.1123046875 0.5044642857142857 0.154296875 0.5178571428571428 0.2294921875 0.5074404761904762 0.2373046875 0.5803571428571428 0.244140625 0.613095238095238 0.2529296875 0.6339285714285714 0.2890625 0.6383928571428571 0.3271484375 0.650297619047619 0.3310546875 0.650297619047619 0.337890625 0.6339285714285714 0.3447265625 0.6339285714285714 0.3505859375 0.6428571428571428 0.4453125 0.6339285714285714 0.5244140625 0.6473214285714286 0.529296875 0.6383928571428571 0.5390625 0.650297619047619 0.58203125 0.6383928571428571 0.595703125 0.6220238095238095 0.59765625 0.6086309523809523 0.609375 0.6071428571428571 0.6171875 0.5967261904761905 0.625 0.5580357142857142 0.62890625 0.5104166666666666 0.6328125 0.5014880952380951 0.6591796875 0.5059523809523809 0.6591796875 0.5148809523809523 0.6630859375 0.5178571428571428 0.6865234375 0.5208333333333333 0.6865234375 0.5148809523809523 0.6943359375 0.5089285714285714 0.697265625 0.5133928571428571 0.7197265625 0.5148809523809523 0.72265625 0.5119047619047619 0.72265625 0.49851190476190477 0.73046875 0.5 0.7294921875 0.5044642857142857 0.7333984375 0.5089285714285714 0.7412109375 0.4895833333333333 0.7470703125 0.4970238095238095 0.7509765625 0.47767857142857145 0.7509765625 0.46279761904761896 0.744140625 0.4419642857142857 0.7490234375 0.44642857142857145 0.748046875 0.43898809523809523 0.7421875 0.43154761904761896 0.7431640625 0.43601190476190477 0.7392578125 0.4419642857142857 0.7373046875 0.4345238095238095 0.73046875 0.44642857142857145 0.7255859375 0.44345238095238093 0.7216796875 0.44494047619047616 0.720703125 0.4508928571428571 0.708984375 0.44940476190476186 0.7080078125 0.4583333333333333 0.7021484375 0.4583333333333333 0.7001953125 0.4523809523809524 0.6435546875 0.456845238095238 0.5283203125 0.456845238095238 0.5224609375 0.4523809523809524 0.345703125 0.4583333333333333 0.1845703125 0.4553571428571428 0.150390625 0.44940476190476186 0.1123046875 0.42857142857142855 0.107421875 0.43005952380952384 0.103515625 0.43898809523809523 0.103515625 0.4583333333333333 0.107421875 0.4732142857142857
5 0.091796875 0.7529761904761905 0.1044921875 0.7544642857142857 0.279296875 0.7544642857142857 0.3115234375 0.744047619047619 0.3330078125 0.7559523809523809 0.3740234375 0.7544642857142857 0.3818359375 0.7589285714285714 0.4306640625 0.7544642857142857 0.4951171875 0.7589285714285714 0.53515625 0.75 0.5615234375 0.7559523809523809 0.689453125 0.7574404761904762 0.708984375 0.7529761904761905 0.7431640625 0.7544642857142857 0.76171875 0.7455357142857142 0.7626953125 0.7366071428571428 0.759765625 0.7232142857142857 0.7314453125 0.7217261904761905 0.732421875 0.7157738095238095 0.7392578125 0.7157738095238095 0.7275390625 0.6889880952380951 0.73046875 0.6785714285714286 0.7373046875 0.675595238095238 0.7392578125 0.6770833333333333 0.736328125 0.6845238095238095 0.7392578125 0.6800595238095238 0.7626953125 0.6800595238095238 0.7626953125 0.6651785714285714 0.73046875 0.6488095238095238 0.6982421875 0.6428571428571428 0.6884765625 0.6651785714285714 0.6689453125 0.681547619047619 0.6640625 0.675595238095238 0.65625 0.6770833333333333 0.6513671875 0.6726190476190476 0.6513671875 0.6666666666666666 0.642578125 0.675595238095238 0.6337890625 0.6636904761904762 0.623046875 0.675595238095238 0.6123046875 0.675595238095238 0.609375 0.6398809523809523 0.5703125 0.6428571428571428 0.556640625 0.6488095238095238 0.5380859375 0.6666666666666666 0.5322265625 0.6666666666666666 0.5126953125 0.6488095238095238 0.4833984375 0.6398809523809523 0.3779296875 0.6398809523809523 0.32421875 0.6592261904761905 0.314453125 0.650297619047619 0.2900390625 0.6428571428571428 0.2041015625 0.6383928571428571 0.1640625 0.6413690476190477 0.10546875 0.6547619047619048 0.0830078125 0.6651785714285714 0.076171875 0.6741071428571428 0.0830078125 0.7455357142857142 0.091796875 0.7529761904761905
4 0.0234375 0.6458333333333333 0.046875 0.7574404761904762 0.056640625 0.7767857142857142 0.0703125 0.7827380952380951 0.08203125 0.7782738095238095 0.083984375 0.7648809523809523 0.080078125 0.7261904761904762 0.0712890625 0.6785714285714286 0.07421875 0.6696428571428571 0.0849609375 0.6607142857142857 0.115234375 0.6488095238095238 0.1181640625 0.6398809523809523 0.1181640625 0.5952380952380951 0.115234375 0.5833333333333333 0.099609375 0.5773809523809523 0.033203125 0.5758928571428571 0.0263671875 0.5788690476190477 0.0185546875 0.5907738095238095 0.017578125 0.6071428571428571 0.0234375 0.6458333333333333
2 0.712890625 0.7202380952380951 0.7138671875 0.7157738095238095 0.71875 0.7157738095238095 0.7216796875 0.7202380952380951 0.72412109375 0.7157738095238095 0.7255859375 0.7202380952380951 0.740234375 0.7202380952380951 0.7392578125 0.7157738095238095 0.744140625 0.712797619047619 0.745361328125 0.7202380952380951 0.7685546875 0.7232142857142857 0.7685546875 0.7053571428571428 0.771484375 0.7023809523809523 0.7763671875 0.7053571428571428 0.7763671875 0.7232142857142857 0.7890625 0.7217261904761905 0.791015625 0.7098214285714286 0.7783203125 0.7202380952380951 0.7822265625 0.7053571428571428 0.79296875 0.7023809523809523 0.7607421875 0.7008928571428571 0.744140625 0.7113095238095238 0.740234375 0.7083333333333333 0.7353515625 0.7157738095238095 0.7080078125 0.7142857142857142 0.7041015625 0.7172619047619048 0.712890625 0.7202380952380951
2 0.7607421875 0.6607142857142857 0.76953125 0.6711309523809523 0.767578125 0.681547619047619 0.7724609375 0.6845238095238095 0.791015625 0.6830357142857142 0.798828125 0.6770833333333333 0.810546875 0.6116071428571428 0.810546875 0.5907738095238095 0.8037109375 0.5788690476190477 0.7421875 0.5788690476190477 0.7353515625 0.6116071428571428 0.734375 0.6473214285714286 0.7607421875 0.6607142857142857
1 0.052734375 0.7648809523809523 0.0595703125 0.7708333333333333 0.056640625 0.775297619047619 0.0595703125 0.7782738095238095 0.072265625 0.7842261904761905 0.185546875 0.7886904761904762 0.6453390333056486 0.7859266273944245 0.6435796914847703 0.7578396517811123 0.599609375 0.7604166666666666 0.54296875 0.7544642857142857 0.494140625 0.7604166666666666 0.3818359375 0.7604166666666666 0.330078125 0.7574404761904762 0.310546875 0.75 0.2900390625 0.7574404761904762 0.23046875 0.7604166666666666 0.1181640625 0.7604166666666666 0.0771484375 0.7544642857142857 0.078125 0.7604166666666666 0.0673828125 0.7633928571428571 0.0625 0.7723214285714286 0.060546875 0.7648809523809523 0.052734375 0.7648809523809523
1 0.7568359375 0.7782738095238095 0.7607421875 0.7827380952380951 0.7626953125 0.78125 0.759765625 0.7738095238095237 0.763671875 0.7723214285714286 0.76171875 0.769345238095238 0.7568359375 0.775297619047619 0.7568359375 0.7648809523809523 0.75 0.7574404761904762 0.716796875 0.7559523809523809 0.6953125 0.7574404761904762 0.69140625 0.7619047619047619 0.67578125 0.7559523809523809 0.650390625 0.7574404761904762 0.6728515625 0.7574404761904762 0.6904296875 0.7633928571428571 0.6904296875 0.7872023809523809 0.7529296875 0.7842261904761905 0.7568359375 0.7782738095238095
3 0.083984375 0.8288690476190477 0.09375 0.7886904761904762 0.080078125 0.7886904761904762 0.0791015625 0.8273809523809523 0.083984375 0.8288690476190477
3 0.7451171875 0.8244047619047619 0.751953125 0.8288690476190477 0.751953125 0.7886904761904762 0.740234375 0.7872023809523809 0.736328125 0.7886904761904762 0.7451171875 0.8244047619047619
7 0.021484375 0.6324404761904762 0.0458984375 0.7514880952380951 0.0556640625 0.775297619047619 0.0751953125 0.7827380952380951 0.083984375 0.7946428571428571 0.0810546875 0.8080357142857142 0.0869140625 0.806547619047619 0.0869140625 0.8139880952380952 0.08203125 0.8214285714285714 0.0859375 0.819940476190476 0.0951171875 0.7857142857142857 0.748046875 0.7842261904761905 0.7509765625 0.7886904761904762 0.76953125 0.7797619047619048 0.77734375 0.769345238095238 0.7900390625 0.712797619047619 0.791015625 0.7023809523809523 0.7880859375 0.6994047619047619 0.796875 0.6934523809523809 0.7919921875 0.6860119047619048 0.7939453125 0.6830357142857142 0.80078125 0.6889880952380951 0.80078125 0.6934523809523809 0.8056640625 0.6919642857142857 0.806640625 0.681547619047619 0.810546875 0.6919642857142857 0.814453125 0.6875 0.8134765625 0.6964285714285714 0.818359375 0.6919642857142857 0.8115234375 0.681547619047619 0.7978515625 0.6741071428571428 0.8037109375 0.650297619047619 0.8056640625 0.6160714285714286 0.810546875 0.6011904761904762 0.806640625 0.5833333333333333 0.7998046875 0.5773809523809523 0.7861328125 0.5758928571428571 0.7392578125 0.5773809523809523 0.7431640625 0.5476190476190477 0.751953125 0.5178571428571428 0.751953125 0.5074404761904762 0.748046875 0.5 0.7548828125 0.4375 0.7509765625 0.42857142857142855 0.7392578125 0.43154761904761896 0.7197265625 0.44642857142857145 0.6923828125 0.4538690476190476 0.3525390625 0.4583333333333333 0.1708984375 0.4538690476190476 0.142578125 0.44642857142857145 0.1064453125 0.42857142857142855 0.1025390625 0.44940476190476186 0.109375 0.5044642857142857 0.1015625 0.5119047619047619 0.11328125 0.5461309523809523 0.1171875 0.581845238095238 0.044921875 0.5758928571428571 0.02734375 0.5788690476190477 0.0205078125 0.587797619047619 0.0185546875 0.6071428571428571 0.021484375 0.6324404761904762
