5 0.08446298227320125 0.4856646394439618 0.08446298227320125 0.5403996524761078 0.09176225234619395 0.5482189400521287 0.39728884254431696 0.5968722849695917 0.4546402502606882 0.6072980017376195 0.45985401459854014 0.6107732406602955 0.47028154327424393 0.6072980017376195 0.48070907194994783 0.6133796698523024 0.49426485922836283 0.6125108601216334 0.7559958289885297 0.6542137271937446 0.775808133472367 0.6559513466550826 0.7820646506777893 0.6516072980017377 0.7810218978102189 0.6264118158123371 0.7768508863399374 0.6229365768896612 0.7768508863399374 0.6125108601216334 0.7799791449426485 0.6090356211989575 0.7789363920750781 0.5873153779322329 0.7737226277372262 0.5881841876629019 0.7768508863399374 0.585577758470895 0.7789363920750781 0.5734144222415292 0.7747653806047966 0.5499565595134666 0.7653806047966631 0.5377932232841008 0.762252346193952 0.5403996524761078 0.7539103232533889 0.5403996524761078 0.7476538060479666 0.5360556038227628 0.7403545359749739 0.5386620330147698 0.7351407716371219 0.5351867940920939 0.7236704900938478 0.5369244135534318 0.7205422314911366 0.5343179843614249 0.7132429614181438 0.5351867940920939 0.7059436913451511 0.5317115551694179 0.6788321167883211 0.528236316246742 0.529718456725756 0.5143353605560382 0.48070907194994783 0.5108601216333624 0.4681960375391032 0.5125977410947004 0.4421272158498436 0.5082536924413554 0.29614181438998954 0.49695916594265854 0.22419186652763293 0.48740225890529976 0.10531803962460898 0.47784535186794097 0.09958289885297184 0.47784535186794097 0.0875912408759124 0.47871416159860997 0.08446298227320125 0.4856646394439618
0 0.6266944734098019 0.3649000868809731 0.5974973931178311 0.35968722849695917 0.5464025026068822 0.3666377063423111 0.45881126173096975 0.3666377063423111 0.4191866527632951 0.36403127715030414 0.39624608967674657 0.35968722849695917 0.3816475495307612 0.36403127715030414 0.3347236704900938 0.368375325803649 0.27528675703858185 0.3657688966116421 0.2617309697601668 0.369244135534318 0.23044838373305526 0.370112945264987 0.14285714285714285 0.3649000868809731 0.09697601668404587 0.3553431798436143 0.0948905109489051 0.35968722849695917 0.10010427528675703 0.3857515204170287 0.09801876955161626 0.45351867940920937 0.10740354535974975 0.47002606429192006 0.1105318039624609 0.4648132059079062 0.12304483837330552 0.4613379669852303 0.1261730969760167 0.45786272806255435 0.15119916579770593 0.45351867940920937 0.26903023983315955 0.45004344048653344 0.28258602711157454 0.4526498696785405 0.3295099061522419 0.45351867940920937 0.3691345151199166 0.45873153779322334 0.3868613138686131 0.4569939183318853 0.510948905109489 0.46307558644656827 0.5714285714285714 0.47002606429192006 0.5912408759124087 0.46741963509991313 0.5964546402502606 0.47002606429192006 0.6798748696558915 0.4726324934839271 0.6861313868613138 0.474370112945265 0.6871741397288842 0.5047784535186794 0.6913451511991657 0.5091225021720244 0.6996871741397288 0.5099913119026933 0.7226277372262773 0.5004344048653345 0.762252346193952 0.4900086880973067 0.7664233576642335 0.4856646394439618 0.7705943691345151 0.4118158123370982 0.775808133472367 0.3979148566463945 0.7831074035453598 0.39183318853171156 0.802919708029197 0.3900955690703736 0.8654848800834202 0.39270199826238056 0.8696558915537016 0.3900955690703736 0.8686131386861314 0.36142484795829716 0.8633993743482794 0.3518679409209383 0.8185610010427528 0.35708079930495223 0.7924921793534931 0.3553431798436143 0.7695516162669447 0.3509991311902694 0.7372262773722628 0.3353605560382277 0.7340980187695516 0.3353605560382277 0.7132429614181438 0.3649000868809731 0.6266944734098019 0.3649000868809731
2 0.7716371220020855 0.42050390964378803 0.7685088633993743 0.45873153779322334 0.7716371220020855 0.46307558644656827 0.7705943691345151 0.5256298870547351 0.7737226277372262 0.5386620330147698 0.7841501564129301 0.5534317984361425 0.7820646506777893 0.6481320590790618 0.7924921793534931 0.6576889661164206 0.8070907194994786 0.6576889661164206 0.9176225234619395 0.6003475238922676 0.9186652763295099 0.41529105125977417 0.9144942648592282 0.3970460469157255 0.7935349322210635 0.39096437880104257 0.7924921793534931 0.39096437880104257 0.7789363920750781 0.3970460469157255 0.7716371220020855 0.42050390964378803
3 0.09176225234619395 0.5534317984361425 0.10114702815432741 0.5534317984361425 0.10844629822732013 0.5499565595134666 0.09280500521376434 0.5464813205907906 0.08967674661105317 0.5464813205907906 0.0875912408759124 0.5499565595134666 0.09176225234619395 0.5534317984361425
4 0.0875912408759124 0.5360556038227628 0.08550573514077163 0.4995655951346656 0.08446298227320125 0.4995655951346656 0.08446298227320125 0.5403996524761078 0.0875912408759124 0.5360556038227628
3 0.9040667361835245 0.6125108601216334 0.9113660062565172 0.6081668114682885 0.9103232533889468 0.6072980017376195 0.9040667361835245 0.6090356211989575 0.9040667361835245 0.6125108601216334
4 0.08446298227320125 0.4856646394439618 0.09176225234619395 0.47958297132927896 0.10740354535974975 0.4769765421372719 0.10010427528675703 0.47002606429192006 0.09801876955161626 0.4561251086012164 0.09906152241918664 0.39357080799304955 0.08550573514077163 0.3900955690703736 0.08446298227320125 0.3900955690703736 0.0802919708029197 0.39357080799304955 0.08446298227320125 0.4856646394439618
3 0.7789363920750781 0.6655082536924415 0.8018769551616266 0.6646394439617724 0.8018769551616266 0.6594265855777585 0.7820646506777893 0.6576889661164206 0.775808133472367 0.6576889661164206 0.7747653806047966 0.6629018245004344 0.7789363920750781 0.6655082536924415
3 0.2346193952033368 0.576889661164205 0.2533889468196037 0.579496090356212 0.27007299270072993 0.5777584708948741 0.26277372262773724 0.5742832319721981 0.24713242961418141 0.5742832319721981 0.23774765380604795 0.5699391833188532 0.23253388946819603 0.5699391833188532 0.23044838373305526 0.5708079930495222 0.2346193952033368 0.576889661164205
3 0.47340980187695514 0.6133796698523024 0.47966631908237745 0.6185925282363163 0.49530761209593327 0.6185925282363163 0.5005213764337852 0.6159860990443093 0.4661105318039624 0.6064291920069504 0.4546402502606882 0.6064291920069504 0.44942648592283624 0.6064291920069504 0.44942648592283624 0.6125108601216334 0.47340980187695514 0.6133796698523024
9 0 0.9991311902693312 0.9989572471324296 0.9991311902693312 0.9989572471324296 0 0.9937267987486965 0 0 0 0 0.9991311902693312
