5 0.263671875 0.7752442996742671 0.2822265625 0.7785016286644951 0.3876953125 0.7801302931596091 0.4189453125 0.7752442996742671 0.4736328125 0.7801302931596091 0.4765625 0.7671009771986971 0.486328125 0.757328990228013 0.5244140625 0.749185667752443 0.529296875 0.7345276872964169 0.537109375 0.7328990228013029 0.5498046875 0.7345276872964169 0.556640625 0.747557003257329 0.6123046875 0.741042345276873 0.673828125 0.754071661237785 0.71142578125 0.7768729641693811 0.71875 0.7752442996742671 0.7236328125 0.762214983713355 0.72265625 0.7247557003257329 0.70703125 0.7133550488599348 0.689453125 0.7133550488599348 0.68359375 0.7052117263843648 0.6337890625 0.7133550488599348 0.6123046875 0.7035830618892508 0.6064453125 0.7068403908794788 0.6064453125 0.7133550488599348 0.6005859375 0.7133550488599348 0.595703125 0.7003257328990228 0.5849609375 0.6986970684039088 0.5625 0.7117263843648208 0.521484375 0.6986970684039088 0.4814453125 0.6970684039087948 0.42578125 0.7133550488599348 0.3818359375 0.6986970684039088 0.3095703125 0.7003257328990228 0.263671875 0.7214983713355049 0.259765625 0.7328990228013029 0.259765625 0.760586319218241 0.263671875 0.7752442996742671
0 0.3095703125 0.6758957654723128 0.3076171875 0.6889250814332248 0.3173828125 0.6954397394136808 0.4140625 0.7019543973941368 0.4150390625 0.6954397394136808 0.4248046875 0.7068403908794788 0.4365234375 0.7068403908794788 0.5 0.6938110749185669 0.5537109375 0.7035830618892508 0.5537109375 0.6938110749185669 0.5673828125 0.6970684039087948 0.5703125 0.6905537459283388 0.5830078125 0.6856677524429968 0.5869140625 0.7003257328990228 0.6064453125 0.7052117263843648 0.6064453125 0.7133550488599348 0.6005859375 0.7166123778501629 0.6005859375 0.7231270358306189 0.60546875 0.7263843648208469 0.6220703125 0.7263843648208469 0.62744140625 0.7166123778501629 0.6337890625 0.7166123778501629 0.6396484375 0.7263843648208469 0.65625 0.7214983713355049 0.6611328125 0.7263843648208469 0.6650390625 0.7247557003257329 0.66796875 0.7052117263843648 0.6748046875 0.7133550488599348 0.6787109375 0.7084690553745928 0.69921875 0.7133550488599348 0.703125 0.7068403908794788 0.697265625 0.6840390879478828 0.697265625 0.6726384364820848 0.705078125 0.6563517915309447 0.69921875 0.5928338762214984 0.6533203125 0.5928338762214984 0.599609375 0.5798045602605864 0.5869140625 0.5879478827361564 0.5712890625 0.5749185667752443 0.5732421875 0.5667752442996743 0.5625 0.5700325732899023 0.5634765625 0.5830618892508144 0.5576171875 0.5944625407166124 0.4345703125 0.5765472312703583 0.431640625 0.5667752442996743 0.423828125 0.5684039087947883 0.4228515625 0.5814332247557004 0.4169921875 0.5879478827361564 0.3447265625 0.5977198697068404 0.30078125 0.5928338762214984 0.2998046875 0.6107491856677525 0.3095703125 0.6758957654723128
1 0.244140625 0.8338762214983714 0.4814453125 0.8322475570032574 0.4921875 0.8273615635179153 0.4736328125 0.7785016286644951 0.259765625 0.7785016286644951 0.2392578125 0.8029315960912052 0.2275390625 0.8045602605863192 0.2275390625 0.8273615635179153 0.244140625 0.8338762214983714
4 0.23046875 0.8289902280130294 0.2353515625 0.8289902280130294 0.234375 0.8159609120521173 0.2392578125 0.8029315960912052 0.26171875 0.7752442996742671 0.2587890625 0.741584690553746 0.2646484375 0.7198697068403909 0.294921875 0.7003257328990228 0.296875 0.6465798045602607 0.2900390625 0.6400651465798046 0.275390625 0.6416938110749186 0.23046875 0.6661237785016287 0.2255859375 0.6742671009771988 0.2265625 0.8159609120521173 0.23046875 0.8289902280130294
2 0.705078125 0.6791530944625408 0.7099609375 0.6889250814332248 0.7158203125 0.6807817589576548 0.744140625 0.6889250814332248 0.74609375 0.6824104234527688 0.7568359375 0.6775244299674268 0.7548828125 0.6677524429967427 0.7490234375 0.6628664495114007 0.724609375 0.6514657980456027 0.70703125 0.6514657980456027 0.6962890625 0.6677524429967427 0.6962890625 0.6775244299674268 0.705078125 0.6791530944625408
1 0.6884765625 0.8338762214983714 0.7451171875 0.8338762214983714 0.7548828125 0.8208469055374593 0.7548828125 0.7980456026058632 0.75 0.7980456026058632 0.748046875 0.7915309446254072 0.7412109375 0.7996742671009772 0.7333984375 0.7850162866449512 0.7216796875 0.7801302931596091 0.7060546875 0.7801302931596091 0.701171875 0.7882736156351792 0.6875 0.8273615635179153 0.6884765625 0.8338762214983714
2 0.724609375 0.7296416938110749 0.7236328125 0.758957654723127 0.7177734375 0.7785016286644951 0.7255859375 0.7915309446254072 0.7197265625 0.8061889250814332 0.708984375 0.8078175895765473 0.703125 0.8306188925081434 0.7509765625 0.8322475570032574 0.7548828125 0.8273615635179153 0.755859375 0.8143322475570033 0.7568359375 0.7100977198697068 0.7333984375 0.7035830618892508 0.708984375 0.7084690553745928 0.7109375 0.7166123778501629 0.724609375 0.7296416938110749
3 0.7470703125 0.8762214983713356 0.751953125 0.8762214983713356 0.7529296875 0.8355048859934854 0.74609375 0.8371335504885994 0.7451171875 0.8697068403908795 0.7470703125 0.8762214983713356
3 0.23828125 0.8778501628664496 0.2421875 0.8729641693811075 0.2421875 0.8371335504885994 0.2353515625 0.8355048859934854 0.234375 0.8697068403908795 0.23828125 0.8778501628664496
8 0.2275390625 0.8273615635179153 0.2353515625 0.8355048859934854 0.234375 0.8680781758957655 0.2373046875 0.8778501628664496 0.2431640625 0.8729641693811075 0.2431640625 0.8403908794788274 0.259765625 0.8322475570032574 0.4853515625 0.8306188925081434 0.486328125 0.8110749185667753 0.474609375 0.7719869706840391 0.4931640625 0.754071661237785 0.5224609375 0.749185667752443 0.529296875 0.7328990228013029 0.5498046875 0.7328990228013029 0.556640625 0.744299674267101 0.5654296875 0.745928338762215 0.623046875 0.742671009771987 0.6943359375 0.762214983713355 0.7060546875 0.7801302931596091 0.689453125 0.8273615635179153 0.6962890625 0.8322475570032574 0.73779296875 0.8338762214983714 0.7451171875 0.8444625407166124 0.74609375 0.8745928338762216 0.751953125 0.8762214983713356 0.75390625 0.8713355048859935 0.7568359375 0.744299674267101 0.7548828125 0.7280130293159609 0.7373046875 0.7052117263843648 0.7373046875 0.6856677524429968 0.7490234375 0.6791530944625408 0.75 0.6644951140065147 0.72265625 0.6514657980456027 0.7197265625 0.6400651465798046 0.705078125 0.6221498371335505 0.69921875 0.5993485342019544 0.6826171875 0.5895765472312704 0.681640625 0.5651465798045603 0.3056640625 0.5651465798045603 0.2998046875 0.5781758957654723 0.30078125 0.5944625407166124 0.2802734375 0.6074918566775245 0.275390625 0.6416938110749186 0.2314453125 0.6661237785016287 0.2255859375 0.6775244299674268 0.2255859375 0.8159609120521173 0.2275390625 0.8273615635179153
