9 0.30761209593326383 0.3501303214596004 0.30135557872784147 0.37706342311033886 0.26903023983315955 0.3753258036490009 0.2408759124087591 0.3814074717636838 0.1532846715328467 0.3857515204170287 0.10740354535974975 0.39357080799304955 0.08446298227320125 0.39357080799304955 0.08133472367049009 0.3961772371850565 0.08133472367049009 0.40399652476107734 0.0948905109489051 0.4361424847958298 0.1261730969760167 0.5473501303214596 0.1741397288842544 0.5586446568201564 0.2909280500521376 0.5742832319721981 0.4139728884254431 0.5951346655082538 0.47028154327424393 0.6081668114682885 0.49113660062565173 0.6099044309296264 0.5005213764337852 0.6185925282363163 0.5192909280500521 0.6159860990443093 0.6558915537017727 0.6403127715030409 0.6631908237747653 0.6437880104257168 0.6652763295099061 0.6490008688097306 0.6715328467153284 0.6507384882710687 0.6819603753910323 0.6463944396177237 0.7017726798748696 0.6463944396177237 0.7257559958289885 0.6368375325803649 0.8321167883211679 0.5933970460469158 0.848800834202294 0.579496090356212 0.8779979144942649 0.5212858384013901 0.9040667361835245 0.45438748913987836 0.916579770594369 0.3987836663770635 0.9144942648592282 0.38835794960903564 0.9071949947862356 0.3874891398783667 0.8654848800834202 0.3970460469157255 0.8237747653806048 0.38835794960903564 0.7977059436913451 0.3866203301476977 0.7945776850886339 0.38401390095569077 0.799791449426486 0.3753258036490009 0.7977059436913451 0.37185056472632494 0.7267987486965588 0.37271937445699393 0.670490093847758 0.3649000868809731 0.6527632950990615 0.35794960903562123 0.64859228362878 0.35968722849695917 0.64859228362878 0.3796698523023458 0.6444212721584984 0.38401390095569077 0.6256517205422314 0.3831450912250217 0.6100104275286757 0.3874891398783667 0.5964546402502606 0.3866203301476977 0.5891553701772679 0.3831450912250217 0.5974973931178311 0.3657688966116421 0.5954118873826902 0.3649000868809731 0.5265901981230449 0.36750651607298007 0.4900938477580813 0.36403127715030414 0.47966631908237745 0.36055603822762816 0.4681960375391032 0.37880104257167685 0.41501564129301355 0.3796698523023458 0.3993743482794577 0.37706342311033886 0.40563086548488003 0.35447437011294525 0.4035453597497393 0.3492615117289314 0.39833159541188734 0.3492615117289314 0.3753910323253389 0.3553431798436143 0.30761209593326383 0.3501303214596004
0 0.6558915537017727 0.36055603822762816 0.6517205422314911 0.368375325803649 0.6475495307612096 0.3657688966116421 0.64859228362878 0.369244135534318 0.6558915537017727 0.369244135534318 0.6548488008342023 0.38401390095569077 0.6506777893639207 0.39357080799304955 0.643378519290928 0.3848827106863597 0.6371220020855057 0.3831450912250217 0.5870698644421272 0.3874891398783667 0.5620437956204379 0.4387489139878367 0.556830031282586 0.4613379669852303 0.5589155370177268 0.47002606429192006 0.583941605839416 0.47523892267593404 0.6016684045881127 0.474370112945265 0.6089676746611052 0.47002606429192006 0.6162669447340979 0.47002606429192006 0.6225234619395204 0.47089487402258906 0.6266944734098019 0.4769765421372719 0.6830031282586027 0.48392701998262383 0.6923879040667361 0.474370112945265 0.7215849843587069 0.4274543874891399 0.7507820646506778 0.4274543874891399 0.7778936392075078 0.421372719374457 0.7966631908237747 0.422241529105126 0.799791449426486 0.41702867072111205 0.8070907194994786 0.42050390964378803 0.8227320125130344 0.4187662901824501 0.8310740354535975 0.41268462206776724 0.8331595411887383 0.41615986099044316 0.8373305526590198 0.41615986099044316 0.8404588112617309 0.4100781928757602 0.8362877997914493 0.4005212858384014 0.848800834202294 0.4005212858384014 0.8477580813347236 0.39530842745438755 0.8529718456725754 0.3979148566463945 0.8498435870698644 0.39357080799304955 0.8415015641293013 0.39270199826238056 0.8373305526590198 0.39530842745438755 0.8321167883211679 0.3900955690703736 0.8060479666319083 0.3866203301476977 0.7924921793534931 0.38922675933970463 0.789363920750782 0.3831450912250217 0.7820646506777893 0.3831450912250217 0.7872784150156413 0.39096437880104257 0.7789363920750781 0.3970460469157255 0.775808133472367 0.37358818418766293 0.7716371220020855 0.38401390095569077 0.7705943691345151 0.3753258036490009 0.7653806047966631 0.37271937445699393 0.7267987486965588 0.37358818418766293 0.7132429614181438 0.369244135534318 0.6715328467153284 0.3649000868809731 0.6517205422314911 0.35794960903562123 0.6496350364963503 0.35794960903562123 0.6506777893639207 0.36229365768896615 0.6558915537017727 0.36055603822762816
0 0.39207507820646503 0.42571676802780195 0.39207507820646503 0.4526498696785405 0.429614181438999 0.45178105994787143 0.4400417101147028 0.4474370112945265 0.46506777893639206 0.3831450912250217 0.45985401459854014 0.37880104257167685 0.45881126173096975 0.37880104257167685 0.4004171011470281 0.3796698523023458 0.39207507820646503 0.42571676802780195
5 0.19395203336809175 0.46307558644656827 0.14911366006256516 0.4804517810599479 0.14077163712200208 0.48740225890529976 0.13660062565172054 0.4978279756733276 0.15745568300312823 0.5065160729800173 0.18769551616266944 0.5117289313640313 0.2721584984358707 0.5195482189400521 0.29509906152241916 0.527367506516073 0.3482794577685088 0.530842745438749 0.43795620437956206 0.5456125108601217 0.44942648592283624 0.5412684622067767 0.4629822732012513 0.5499565595134666 0.524504692387904 0.5586446568201564 0.5328467153284671 0.5629887054735013 0.5620437956204379 0.5673327541268463 0.6037539103232533 0.5708079930495222 0.6287799791449425 0.576889661164205 0.6517205422314911 0.5760208514335361 0.6673618352450469 0.5638575152041703 0.6642335766423357 0.4934839270199826 0.6611053180396246 0.5073848827106864 0.656934306569343 0.4995655951346656 0.6496350364963503 0.4986967854039966 0.6465067778936391 0.5030408340573415 0.6454640250260688 0.4943527367506516 0.6517205422314911 0.48913987836663775 0.6506777893639207 0.48392701998262383 0.6465067778936391 0.48392701998262383 0.6475495307612096 0.48827106863596875 0.643378519290928 0.48653344917463076 0.6402502606882169 0.4900086880973067 0.6360792492179353 0.4813205907906169 0.6266944734098019 0.48653344917463076 0.624608967674661 0.4804517810599479 0.6120959332638164 0.4813205907906169 0.6058394160583942 0.4769765421372719 0.5891553701772679 0.47610773240660303 0.5714285714285714 0.47958297132927896 0.543274244004171 0.474370112945265 0.5411887382690301 0.47002606429192006 0.5318039624608967 0.46741963509991313 0.5213764337851929 0.46741963509991313 0.5099061522419186 0.46307558644656827 0.4661105318039624 0.4561251086012164 0.40771637122002086 0.4526498696785405 0.3618352450469239 0.45873153779322334 0.35870698644421267 0.45178105994787143 0.3482794577685088 0.45351867940920937 0.3430656934306569 0.4491746307558645 0.3180396246089677 0.4465682015638575 0.3107403545359749 0.4465682015638575 0.2554744525547445 0.45004344048653344 0.19395203336809175 0.46307558644656827
2 0.8759124087591241 0.3970460469157255 0.8508863399374349 0.41529105125977417 0.8362877997914493 0.4196350999131191 0.7966631908237747 0.42484795829713295 0.762252346193952 0.42484795829713295 0.748696558915537 0.4291920069504779 0.7257559958289885 0.4283231972198089 0.7205422314911366 0.4317984361424848 0.684045881126173 0.4917463075586447 0.6725755995828988 0.523892267593397 0.6684045881126173 0.5438748913987836 0.6663190823774765 0.5899218071242398 0.6611053180396246 0.5994787141615986 0.6611053180396246 0.637706342311034 0.6777893639207507 0.6394439617723718 0.6819603753910323 0.6446568201563858 0.7049009384775807 0.6446568201563858 0.8342022940563085 0.5925282363162468 0.8467153284671532 0.582102519548219 0.8571428571428571 0.5655951346655084 0.8873826903023982 0.4995655951346656 0.9040667361835245 0.45438748913987836 0.9113660062565172 0.42484795829713295 0.9103232533889468 0.4135534317984361 0.9144942648592282 0.39530842745438755 0.9092805005213764 0.39357080799304955 0.9071949947862356 0.3961772371850565 0.8988529718456725 0.39530842745438755 0.8925964546402503 0.3979148566463945 0.8842544316996872 0.39357080799304955 0.8832116788321167 0.39357080799304955 0.8832116788321167 0.3987836663770635 0.8759124087591241 0.3970460469157255
4 0.14077163712200208 0.3866203301476977 0.10636079249217936 0.39357080799304955 0.08550573514077163 0.39270199826238056 0.08133472367049009 0.39530842745438755 0.0802919708029197 0.4022589052997394 0.09384775808133472 0.43353605560382275 0.1261730969760167 0.5473501303214596 0.14181438998957246 0.5508253692441356 0.1522419186652763 0.5499565595134666 0.1470281543274244 0.5499565595134666 0.14285714285714285 0.5403996524761078 0.1397288842544317 0.5395308427454387 0.14389989572471323 0.529105125977411 0.14389989572471323 0.5143353605560382 0.14911366006256516 0.5082536924413554 0.15015641293013554 0.5013032145960035 0.13660062565172054 0.5013032145960035 0.13138686131386862 0.4978279756733276 0.1386861313868613 0.48740225890529976 0.1532846715328467 0.47523892267593404 0.19916579770594367 0.45873153779322334 0.2523461939520334 0.4483058210251955 0.28258602711157454 0.4456993918331886 0.2857142857142857 0.4309296264118158 0.28362877997914493 0.38835794960903564 0.27528675703858185 0.3753258036490009 0.26903023983315955 0.3753258036490009 0.2419186652763295 0.3814074717636838 0.14077163712200208 0.3866203301476977
3 0.3816475495307612 0.5916594265855778 0.36392075078206465 0.5881841876629019 0.36079249217935344 0.5881841876629019 0.36496350364963503 0.5925282363162468 0.3816475495307612 0.5916594265855778
3 0.48592283628779975 0.6125108601216334 0.4817518248175182 0.6090356211989575 0.4692387904066736 0.6081668114682885 0.46506777893639206 0.6081668114682885 0.4754953076120959 0.6125108601216334 0.48592283628779975 0.6125108601216334
3 0.20959332638164754 0.5655951346655084 0.1970802919708029 0.5612510860121633 0.16261586715410897 0.5573706314838789 0.17831074035453595 0.5647263249348393 0.2043795620437956 0.5647263249348393 0.21689259645464026 0.5673327541268463 0.21272158498435872 0.5638575152041703 0.20959332638164754 0.5655951346655084
3 0.5912408759124087 0.635968722849696 0.6016684045881127 0.634231103388358 0.6141814389989573 0.6385751520417029 0.6256517205422314 0.6368375325803649 0.6058394160583942 0.6307558644656821 0.5881126173096975 0.6290182450043441 0.5828988529718456 0.6290182450043441 0.5818561001042752 0.633362293657689 0.5912408759124087 0.635968722849696
