8 0.158203125 0.9399707174231333 0.16796875 0.9458272327964861 0.9130859375 0.9487554904831625 0.9482421875 0.9443631039531479 0.9560546875 0.9282576866764276 0.953125 0.869692532942899 0.95703125 0.8667642752562226 0.9619140625 0.8433382137628112 0.9580078125 0.8008784773060029 0.904296875 0.7642752562225477 0.8837890625 0.7584187408491947 0.8720703125 0.7628111273792094 0.8623046875 0.7437774524158126 0.8896484375 0.6998535871156661 0.88671875 0.6925329428989752 0.890625 0.6720351390922401 0.8984375 0.664714494875549 0.8876953125 0.6412884333821376 0.890625 0.6295754026354319 0.8837890625 0.6281112737920937 0.87890625 0.6339677891654466 0.8671875 0.6134699853587116 0.6533203125 0.6105417276720352 0.6015625 0.616398243045388 0.599609375 0.6120058565153734 0.587890625 0.6193265007320644 0.5673828125 0.6207906295754027 0.4658203125 0.6207906295754027 0.4501953125 0.6310395314787701 0.4326171875 0.6207906295754027 0.3486328125 0.6193265007320644 0.337890625 0.6222547584187409 0.3369140625 0.6295754026354319 0.23828125 0.6237188872620791 0.2314453125 0.6193265007320644 0.2197265625 0.5944363103953147 0.205078125 0.5944363103953147 0.189453125 0.6002928257686677 0.162109375 0.6266471449487555 0.154296875 0.657393850658858 0.154296875 0.91800878477306 0.158203125 0.9399707174231333
5 0.2216796875 0.8477306002928258 0.2236328125 0.8667642752562226 0.2470703125 0.8740849194729137 0.3037109375 0.8726207906295754 0.3095703125 0.862371888726208 0.3037109375 0.8228404099560762 0.3076171875 0.8169838945827232 0.3193359375 0.8111273792093705 0.3759765625 0.8125915080527086 0.3828125 0.828696925329429 0.396484375 0.828696925329429 0.4169921875 0.8052708638360175 0.412109375 0.780380673499268 0.4169921875 0.7628111273792094 0.376953125 0.7613469985358712 0.265625 0.7715959004392386 0.2578125 0.7818448023426061 0.2275390625 0.7935578330893118 0.2216796875 0.8067349926793558 0.216796875 0.8448023426061494 0.2216796875 0.8477306002928258
1 0.46875 0.9487554904831625 0.4736328125 0.9502196193265008 0.9111328125 0.9502196193265008 0.94921875 0.9443631039531479 0.955078125 0.9341142020497804 0.95703125 0.91800878477306 0.9560546875 0.890190336749634 0.94921875 0.8740849194729137 0.705078125 0.8755490483162518 0.6650390625 0.8682284040995608 0.470703125 0.8755490483162518 0.47265625 0.8960468521229868 0.46875 0.9487554904831625
5 0.4501953125 0.7745241581259151 0.4501953125 0.7891654465592972 0.45703125 0.8023426061493412 0.4580078125 0.8316251830161054 0.474609375 0.849194729136164 0.4716796875 0.8711566617862372 0.921875 0.8740849194729137 0.9501953125 0.869692532942899 0.9599609375 0.8550512445095169 0.9599609375 0.8140556368960469 0.9560546875 0.7979502196193266 0.892578125 0.7613469985358712 0.705078125 0.7613469985358712 0.66796875 0.767203513909224 0.654296875 0.7789165446559297 0.6337890625 0.767203513909224 0.60546875 0.7628111273792094 0.4453125 0.7613469985358712 0.4443359375 0.7701317715959004 0.4501953125 0.7745241581259151
0 0.365234375 0.7452415812591509 0.375 0.7598828696925329 0.455078125 0.7877013177159591 0.4560546875 0.7715959004392386 0.4654951171875 0.7584187408491947 0.6240234375 0.7628111273792094 0.63671875 0.7613469985358712 0.64453125 0.739385065885798 0.640625 0.7057101024890191 0.6357421875 0.7203513909224012 0.60546875 0.7218155197657394 0.5966796875 0.6889765739385066 0.5966796875 0.6281112737920937 0.591796875 0.6207906295754027 0.4736328125 0.6207906295754027 0.4609375 0.6222547584187409 0.451171875 0.6310395314787701 0.423828125 0.6207906295754027 0.3388671875 0.6222547584187409 0.3369140625 0.6295754026354319 0.365234375 0.7452415812591509
1 0.1669921875 0.6954612005856515 0.1865234375 0.7247437774524158 0.189453125 0.767203513909224 0.193359375 0.7745241581259151 0.1826171875 0.8316251830161054 0.1533203125 0.8345534407027819 0.1533203125 0.9150805270863837 0.158203125 0.9414348462664714 0.171875 0.9487554904831625 0.3115234375 0.9502196193265008 0.306640625 0.8755490483162518 0.310546875 0.8506588579795022 0.3037109375 0.8404099560761347 0.30078125 0.8448023426061494 0.296875 0.8404099560761347 0.3056640625 0.8506588579795022 0.3037109375 0.8638360175695461 0.294921875 0.8755490483162518 0.22265625 0.8711566617862372 0.2158203125 0.8477306002928258 0.2177734375 0.8096632503660323 0.212890625 0.7979502196193266 0.21484375 0.7789165446559297 0.2080078125 0.7628111273792094 0.2060546875 0.7437774524158126 0.197265625 0.7291361639824305 0.2001953125 0.7232796486090776 0.18359375 0.6676427525622255 0.177734375 0.6544655929721815 0.1640625 0.6515373352855052 0.158203125 0.677891654465593 0.16015625 0.6925329428989752 0.1669921875 0.6954612005856515
1 0.3369140625 0.9487554904831625 0.4287109375 0.9487554904831625 0.439453125 0.95900439238653 0.443359375 0.8960468521229868 0.4384765625 0.87701317715959 0.34765625 0.8784773060029283 0.337890625 0.8799414348462665 0.3310546875 0.8916544655929722 0.33203125 0.9355783308931186 0.3369140625 0.9487554904831625
4 0.1533203125 0.9048316251830162 0.1572265625 0.9399707174231333 0.1708984375 0.9472913616398243 0.212890625 0.9502196193265008 0.236328125 0.9428989751098097 0.2646484375 0.9487554904831625 0.30859375 0.9458272327964861 0.3115234375 0.9341142020497804 0.3037109375 0.9019033674963397 0.3037109375 0.8755490483162518 0.2958984375 0.8755490483162518 0.2939453125 0.8814055636896048 0.2841796875 0.8784773060029283 0.26953125 0.8916544655929722 0.2587890625 0.8916544655929722 0.2548828125 0.8857979502196194 0.2529296875 0.890190336749634 0.2431640625 0.8887262079062958 0.2265625 0.8740849194729137 0.21875 0.8477306002928258 0.2177734375 0.828696925329429 0.2197265625 0.8038067349926794 0.2275390625 0.7891654465592972 0.2158203125 0.7745241581259151 0.1787109375 0.6500732064421669 0.173828125 0.6310395314787701 0.177734375 0.6178623718887262 0.162109375 0.6281112737920937 0.154296875 0.6471449487554906 0.15234375 0.8111273792093705 0.1533203125 0.9048316251830162
8 0.341796875 0.9472913616398243 0.41796875 0.9487554904831625 0.43359375 0.9458272327964861 0.4423828125 0.9355783308931186 0.4443359375 0.890190336749634 0.44140625 0.8755490483162518 0.34765625 0.8755490483162518 0.3349609375 0.8799414348462665 0.3310546875 0.8945827232796486 0.3330078125 0.9385065885797951 0.341796875 0.9472913616398243
2 0.8720703125 0.7510980966325037 0.87109375 0.7613469985358712 0.8984375 0.7569546120058566 0.9560546875 0.7935578330893118 0.962890625 0.8052708638360175 0.96484375 0.828696925329429 0.95703125 0.8726207906295754 0.958984375 0.8960468521229868 0.9990234375 0.9004392386530015 0.9990234375 0.7247437774524158 0.865234375 0.7291361639824305 0.8623046875 0.7335285505124451 0.8720703125 0.7510980966325037
