5 0.14181438998957246 0.4656820156385752 0.12930135557872785 0.4648132059079062 0.12408759124087591 0.46655082536924414 0.12304483837330552 0.47089487402258906 0.11157455683003129 0.47176368375325806 0.10740354535974975 0.5099913119026933 0.11261730969760167 0.5186794092093832 0.2846715328467153 0.5317115551694179 0.30239833159541185 0.530842745438749 0.32012513034410844 0.5360556038227628 0.4118873826903024 0.5412684622067767 0.45985401459854014 0.5473501303214596 0.5213764337851929 0.5499565595134666 0.5974973931178311 0.5577758470894875 0.6371220020855057 0.5577758470894875 0.6412930135557873 0.5621198957428324 0.6673618352450469 0.5612510860121633 0.6725755995828988 0.5603822762814944 0.6725755995828988 0.5560382276281495 0.6798748696558915 0.5560382276281495 0.6767466110531803 0.5603822762814944 0.6861313868613138 0.5629887054735013 0.6861313868613138 0.5569070373588184 0.689259645464025 0.5551694178974805 0.6934306569343065 0.5569070373588184 0.6903023983315955 0.5638575152041703 0.7069864442127216 0.5655951346655084 0.7132429614181438 0.5638575152041703 0.708029197080292 0.5569070373588184 0.7194994786235662 0.5551694178974805 0.7226277372262773 0.5569070373588184 0.7194994786235662 0.5638575152041703 0.7226277372262773 0.5655951346655084 0.748696558915537 0.5673327541268463 0.748696558915537 0.5621198957428324 0.7549530761209593 0.5612510860121633 0.7559958289885297 0.5586446568201564 0.7549530761209593 0.5551694178974805 0.7497393117831074 0.5577758470894875 0.7497393117831074 0.5430060816681147 0.7518248175182481 0.5412684622067767 0.7549530761209593 0.5438748913987836 0.7601668404588112 0.5343179843614249 0.7559958289885297 0.5065160729800173 0.7476538060479666 0.5021720243266725 0.7288842544316997 0.5039096437880104 0.7215849843587069 0.4995655951346656 0.7163712200208551 0.4943527367506516 0.7163712200208551 0.4769765421372719 0.7090719499478623 0.47610773240660303 0.7122002085505735 0.47958297132927896 0.7090719499478623 0.48392701998262383 0.7017726798748696 0.47523892267593404 0.697601668404588 0.47784535186794097 0.694473409801877 0.473501303214596 0.6058394160583942 0.47089487402258906 0.5026068821689259 0.45873153779322334 0.43899895724713245 0.4561251086012164 0.38998957247132426 0.45786272806255435 0.3660062565172054 0.4526498696785405 0.24817518248175183 0.4474370112945265 0.24608967674661103 0.4474370112945265 0.19812304483837329 0.4526498696785405 0.14181438998957246 0.4656820156385752
0 0.2721584984358707 0.34491746307558646 0.2586027111574557 0.3814074717636838 0.2502606882168926 0.37706342311033886 0.24296141814389988 0.37706342311033886 0.20855057351407713 0.3822762814943528 0.12200208550573513 0.38922675933970463 0.1251303441084463 0.4291920069504779 0.13451511991657977 0.45786272806255435 0.13764337851929093 0.4604691572545613 0.15015641293013554 0.4604691572545613 0.19812304483837329 0.45004344048653344 0.26903023983315955 0.4439617723718506 0.3952033368091762 0.4552562988705474 0.4327424400417101 0.45351867940920937 0.524504692387904 0.45873153779322334 0.5808133472367049 0.4639443961772372 0.6016684045881127 0.46828844483058213 0.6329509906152242 0.46655082536924414 0.6558915537017727 0.47002606429192006 0.7194994786235662 0.47176368375325806 0.7226277372262773 0.4769765421372719 0.7226277372262773 0.49695916594265854 0.7299270072992701 0.5004344048653345 0.7424400417101147 0.5004344048653345 0.7539103232533889 0.4986967854039966 0.7580813347236705 0.4943527367506516 0.7612095933263816 0.45873153779322334 0.7695516162669447 0.45004344048653344 0.8873826903023982 0.4300608166811468 0.8988529718456725 0.37619461337966986 0.8936392075078207 0.369244135534318 0.8821689259645463 0.3631624674196351 0.8581856100104275 0.35968722849695917 0.6558915537017727 0.3553431798436143 0.6131386861313868 0.3518679409209383 0.3044838373305526 0.34144222415291053 0.29788008342022937 0.34144222415291053 0.2846715328467153 0.34144222415291053 0.2721584984358707 0.34491746307558646
2 0.8133472367049009 0.4491746307558645 0.799791449426486 0.4465682015638575 0.7831074035453598 0.4491746307558645 0.7716371220020855 0.45178105994787143 0.7643378519290928 0.45786272806255435 0.7591240875912408 0.5073848827106864 0.762252346193952 0.5247610773240661 0.7559958289885297 0.5977410947002607 0.7591240875912408 0.6012163336229366 0.7778936392075078 0.6038227628149435 0.7956204379562044 0.6020851433536056 0.9030239833159541 0.5742832319721981 0.9134515119916579 0.5690703735881842 0.916579770594369 0.5534317984361425 0.9186652763295099 0.4396177237185057 0.9113660062565172 0.43353605560382275 0.8915537017726798 0.43266724587315386 0.8884254431699686 0.43266724587315386 0.8446298227320124 0.4387489139878367 0.8133472367049009 0.4491746307558645
4 0.0802919708029197 0.42484795829713295 0.08133472367049009 0.529105125977411 0.08342022940563086 0.5438748913987836 0.08967674661105317 0.5473501303214596 0.10844629822732013 0.5456125108601217 0.10844629822732013 0.5204170286707211 0.10323253388946818 0.5117289313640313 0.10531803962460898 0.473501303214596 0.11261730969760167 0.46741963509991313 0.132429614181439 0.4604691572545613 0.11887382690302398 0.4144222415291051 0.11678832116788321 0.4144222415291051 0.08550573514077163 0.4196350999131191 0.0802919708029197 0.42484795829713295
3 0.27528675703858185 0.5734144222415292 0.28154327424400416 0.5751520417028672 0.2857142857142857 0.5742832319721981 0.2867570385818561 0.5629887054735013 0.2794577685088634 0.5603822762814944 0.278415015641293 0.5603822762814944 0.27528675703858185 0.5621198957428324 0.27528675703858185 0.5734144222415292
3 0.5286757038581855 0.5977410947002607 0.5391032325338895 0.5960034752389227 0.5370177267987486 0.58123370981755 0.5318039624608967 0.58123370981755 0.5255474452554745 0.582102519548219 0.5286757038581855 0.5977410947002607
3 0.8352450469238789 0.6194613379669852 0.8383733055265902 0.6220677671589923 0.8467153284671532 0.6194613379669852 0.8446298227320124 0.5916594265855778 0.843587069864442 0.5916594265855778 0.8352450469238789 0.5951346655082538 0.8352450469238789 0.6194613379669852
3 0.1470281543274244 0.5960034752389227 0.15015641293013554 0.5977410947002607 0.15849843587069862 0.5960034752389227 0.15745568300312823 0.5508253692441356 0.15015641293013554 0.5508253692441356 0.1470281543274244 0.5569070373588184 0.1470281543274244 0.5960034752389227
3 0.7413972888425443 0.6516072980017377 0.7413972888425443 0.6012163336229366 0.7372262773722628 0.5994787141615986 0.7299270072992701 0.5994787141615986 0.7299270072992701 0.6498696785403997 0.7413972888425443 0.6516072980017377
9 0 0.9991311902693312 0.9989572471324296 0.9991311902693312 0.9989572471324296 0 0.9937267987486965 0 0 0 0 0.9991311902693312
