9 0 0.9991311902693312 0.9989572471324296 0.9991311902693312 0.9989572471324296 0 0 0 0 0.9991311902693312
5 0.8613138686131385 0.5716768027801912 0.8665276329509906 0.5638575152041703 0.848800834202294 0.5134665508253693 0.8383733055265902 0.49522154648132066 0.821689259645464 0.49695916594265854 0.7705943691345151 0.48913987836663775 0.762252346193952 0.5499565595134666 0.7612095933263816 0.5899218071242398 0.8613138686131385 0.5716768027801912
5 0.08446298227320125 0.5334491746307559 0.1021897810218978 0.5377932232841008 0.7236704900938478 0.5986099044309297 0.7403545359749739 0.5968722849695917 0.7466110531803962 0.5907906168549089 0.7559958289885297 0.5047784535186794 0.7559958289885297 0.4917463075586447 0.7518248175182481 0.48827106863596875 0.2669447340980188 0.45786272806255435 0.20020855057351405 0.45786272806255435 0.11991657977059436 0.4648132059079062 0.09071949947862357 0.47002606429192006 0.08133472367049009 0.47871416159860997 0.08133472367049009 0.529105125977411 0.08446298227320125 0.5334491746307559
0 0.4421272158498436 0.4648132059079062 0.6058394160583942 0.47871416159860997 0.6777893639207507 0.4804517810599479 0.6871741397288842 0.48392701998262383 0.7340980187695516 0.48740225890529976 0.7528675703858185 0.4847958297132928 0.7580813347236705 0.4561251086012164 0.859228362877998 0.4804517810599479 0.859228362877998 0.4995655951346656 0.8717413972888425 0.5221546481320591 0.8759124087591241 0.5212858384013901 0.8800834202294056 0.5108601216333624 0.9176225234619395 0.3666377063423111 0.9176225234619395 0.35621198957428324 0.9124087591240876 0.3483927019982624 0.9040667361835245 0.34057341442224154 0.8915537017726798 0.3388357949609036 0.32429614181439 0.318853171155517 0.2773722627737226 0.3205907906168549 0.2617309697601668 0.35621198957428324 0.23357664233576642 0.45438748913987836 0.4421272158498436 0.4648132059079062
2 0.7445255474452555 0.5986099044309297 0.7382690302398331 0.5986099044309297 0.7476538060479666 0.6038227628149435 0.7393117831074034 0.6733275412684623 0.7413972888425443 0.6811468288444831 0.7476538060479666 0.6776715899218072 0.7518248175182481 0.6481320590790618 0.7705943691345151 0.45091225021720244 0.7778936392075078 0.44309296264118164 0.8206465067778936 0.44135534317984365 0.8237747653806048 0.4439617723718506 0.8696558915537016 0.5629887054735013 0.8602711157455684 0.5751520417028672 0.8759124087591241 0.579496090356212 0.8967674661105317 0.6368375325803649 0.9030239833159541 0.6368375325803649 0.8529718456725754 0.4943527367506516 0.8696558915537016 0.4491746307558645 0.867570385818561 0.4378801042571677 0.8759124087591241 0.43440486533449174 0.8790406673618352 0.4283231972198089 0.8633993743482794 0.42484795829713295 0.7685088633993743 0.4283231972198089 0.762252346193952 0.45178105994787143 0.748696558915537 0.5942658557775847 0.7445255474452555 0.5986099044309297
3 0.08863399374348278 0.5569070373588184 0.08446298227320125 0.6003475238922676 0.08654848800834201 0.6064291920069504 0.09176225234619395 0.6055603822762816 0.09801876955161626 0.5438748913987836 0.09593326381647549 0.5386620330147698 0.09384775808133472 0.5386620330147698 0.09071949947862357 0.5403996524761078 0.08863399374348278 0.5569070373588184
4 0.09176225234619395 0.6020851433536056 0.09593326381647549 0.5412684622067767 0.09280500521376434 0.5412684622067767 0.08654848800834201 0.6055603822762816 0.09176225234619395 0.6020851433536056
3 0.278415015641293 0.5777584708948741 0.2794577685088634 0.5716768027801912 0.26903023983315955 0.5551694178974805 0.264859228362878 0.5551694178974805 0.2721584984358707 0.5742832319721981 0.278415015641293 0.5777584708948741
4 0.10114702815432741 0.39530842745438755 0.10844629822732013 0.3979148566463945 0.10323253388946818 0.40920938314509125 0.09801876955161626 0.4656820156385752 0.10323253388946818 0.46655082536924414 0.10636079249217936 0.4639443961772372 0.10948905109489052 0.41529105125977417 0.11574556830031282 0.4031277150304084 0.159541188738269 0.4005212858384014 0.17309697601668403 0.4031277150304084 0.20229405630865482 0.4526498696785405 0.21063607924921796 0.4552562988705474 0.20855057351407713 0.4456993918331886 0.2262773722627737 0.41268462206776724 0.2210636079249218 0.3900955690703736 0.2148070907194995 0.38922675933970463 0.20944421272158498 0.38922675933970463 0.1021897810218978 0.38922675933970463 0.10114702815432741 0.39530842745438755
3 0.5088633993743483 0.6177237185056473 0.5151199165797705 0.6159860990443093 0.5161626694473409 0.579496090356212 0.5130344108446299 0.5777584708948741 0.5078206465067778 0.5777584708948741 0.5046923879040668 0.6159860990443093 0.5088633993743483 0.6177237185056473
