0 0.2930135557872784 0.31450912250217206 0.291970802919708 0.317115551694179 0.28258602711157454 0.318853171155517 0.27528675703858185 0.3275412684622068 0.2419186652763295 0.4274543874891399 0.23670490093847757 0.4483058210251955 0.23670490093847757 0.4526498696785405 0.2419186652763295 0.4561251086012164 0.483837330552659 0.46828844483058213 0.5046923879040668 0.4726324934839271 0.5161626694473409 0.47089487402258906 0.64859228362878 0.47958297132927896 0.6684045881126173 0.48392701998262383 0.6777893639207507 0.4821894005212859 0.6850886339937434 0.4847958297132928 0.7445255474452555 0.4856646394439618 0.7497393117831074 0.48827106863596875 0.7507820646506778 0.49261511728931373 0.7528675703858185 0.4561251086012164 0.7497393117831074 0.45178105994787143 0.7632950990615224 0.4352736750651608 0.7612095933263816 0.4300608166811468 0.7653806047966631 0.423110338835795 0.7726798748696558 0.421372719374457 0.7904066736183524 0.42397914856646396 0.799791449426486 0.42050390964378803 0.8039624608967675 0.42397914856646396 0.8112617309697601 0.42050390964378803 0.8175182481751824 0.423110338835795 0.8206465067778936 0.4178974804517811 0.821689259645464 0.42050390964378803 0.8321167883211679 0.422241529105126 0.8686131386861314 0.41702867072111205 0.8811261730969759 0.421372719374457 0.8811261730969759 0.4300608166811468 0.8717413972888425 0.44135534317984365 0.8706986444212721 0.4561251086012164 0.8654848800834202 0.46220677671589927 0.867570385818561 0.46655082536924414 0.862356621480709 0.47089487402258906 0.8571428571428571 0.48305821025195483 0.8581856100104275 0.49695916594265854 0.8759124087591241 0.5195482189400521 0.8811261730969759 0.5152041702867073 0.9103232533889468 0.369244135534318 0.9176225234619395 0.3518679409209383 0.9113660062565172 0.3379669852302346 0.9040667361835245 0.33101650738488275 0.8936392075078207 0.3275412684622068 0.8206465067778936 0.32493483927019984 0.802919708029197 0.32667245873153783 0.7716371220020855 0.3240660295395309 0.7539103232533889 0.32580364900086883 0.49322210636079244 0.3205907906168549 0.44942648592283624 0.317115551694179 0.32533889468196037 0.31624674196351 0.30761209593326383 0.31364031277150306 0.30552659019812306 0.31364031277150306 0.3003128258602711 0.31624674196351 0.2930135557872784 0.31450912250217206
3 0.7382690302398331 0.6828844483058211 0.7445255474452555 0.6820156385751521 0.7476538060479666 0.6559513466550826 0.7424400417101147 0.6420503909643789 0.7476538060479666 0.633362293657689 0.7445255474452555 0.634231103388358 0.7424400417101147 0.6307558644656821 0.7413972888425443 0.6307558644656821 0.7361835245046924 0.6707211120764554 0.7382690302398331 0.6828844483058211
5 0.775808133472367 0.49522154648132066 0.7726798748696558 0.4943527367506516 0.7716371220020855 0.4995655951346656 0.7674661105318039 0.5013032145960035 0.7695516162669447 0.5073848827106864 0.7653806047966631 0.5091225021720244 0.7685088633993743 0.5082536924413554 0.7695516162669447 0.5117289313640313 0.7653806047966631 0.5178105994787142 0.7737226277372262 0.5230234578627281 0.775808133472367 0.532580364900087 0.7841501564129301 0.5395308427454387 0.7789363920750781 0.5395308427454387 0.7716371220020855 0.5499565595134666 0.7747653806047966 0.5543006081668115 0.7632950990615224 0.5560382276281495 0.762252346193952 0.579496090356212 0.7653806047966631 0.5916594265855778 0.7862356621480708 0.585577758470895 0.799791449426486 0.5847089487402259 0.8050052137643379 0.58123370981755 0.8300312825860271 0.5777584708948741 0.8404588112617309 0.5734144222415292 0.8415015641293013 0.5699391833188532 0.8446298227320124 0.5734144222415292 0.848800834202294 0.5725456125108602 0.8529718456725754 0.5708079930495222 0.8529718456725754 0.5638575152041703 0.8571428571428571 0.5621198957428324 0.859228362877998 0.5673327541268463 0.859228362877998 0.5621198957428324 0.8654848800834202 0.5569070373588184 0.8602711157455684 0.5534317984361425 0.8613138686131385 0.5421372719374458 0.8581856100104275 0.5351867940920939 0.8540145985401459 0.5343179843614249 0.8571428571428571 0.5403996524761078 0.8425443169968718 0.5395308427454387 0.8561001042752867 0.5299739357080799 0.8467153284671532 0.523892267593397 0.8498435870698644 0.5152041702867073 0.8456725755995829 0.5117289313640313 0.8446298227320124 0.5013032145960035 0.8300312825860271 0.5004344048653345 0.8310740354535975 0.4934839270199826 0.8206465067778936 0.49609035621198966 0.8143899895724713 0.4917463075586447 0.7799791449426485 0.48913987836663775 0.7789363920750781 0.48827106863596875 0.775808133472367 0.4900086880973067 0.775808133472367 0.49522154648132066
5 0.09071949947862357 0.473501303214596 0.08446298227320125 0.47871416159860997 0.08133472367049009 0.48653344917463076 0.08237747653806048 0.5221546481320591 0.0875912408759124 0.5403996524761078 0.10636079249217936 0.5412684622067767 0.11678832116788321 0.5456125108601217 0.15641293013555785 0.5473501303214596 0.26590198123044834 0.5595134665508253 0.2773722627737226 0.5577758470894875 0.29509906152241916 0.5621198957428324 0.6444212721584984 0.5925282363162468 0.7267987486965588 0.6029539530842746 0.7372262773722628 0.5986099044309297 0.7382690302398331 0.5899218071242398 0.7403545359749739 0.5933970460469158 0.7413972888425443 0.5838401390095569 0.7382690302398331 0.58123370981755 0.743482794577685 0.579496090356212 0.7455683003128258 0.5638575152041703 0.7424400417101147 0.5430060816681147 0.7476538060479666 0.5430060816681147 0.7455683003128258 0.5395308427454387 0.7507820646506778 0.48740225890529976 0.5151199165797705 0.473501303214596 0.39207507820646503 0.46307558644656827 0.2346193952033368 0.4569939183318853 0.23357664233576642 0.4569939183318853 0.1251303441084463 0.46741963509991313 0.09071949947862357 0.473501303214596
4 0.0948905109489051 0.5977410947002607 0.0948905109489051 0.6099044309296264 0.09801876955161626 0.6116420503909644 0.10114702815432741 0.6090356211989575 0.1021897810218978 0.5994787141615986 0.1021897810218978 0.5482189400521287 0.10114702815432741 0.5482189400521287 0.09697601668404587 0.5603822762814944 0.0948905109489051 0.5977410947002607
4 0.10427528675703857 0.4013900955690704 0.11157455683003129 0.4031277150304084 0.10531803962460898 0.4187662901824501 0.1021897810218978 0.4648132059079062 0.10427528675703857 0.4691572545612511 0.1105318039624609 0.46741963509991313 0.11366006256517205 0.4178974804517811 0.11574556830031282 0.4118158123370982 0.12200208550573513 0.40834057341442226 0.17831074035453595 0.40834057341442226 0.20333680917622524 0.4483058210251955 0.20959332638164754 0.4552562988705474 0.21584984358706985 0.4552562988705474 0.2273201251303441 0.4178974804517811 0.22523461939520334 0.40399652476107734 0.2200208550573514 0.4005212858384014 0.2262773722627737 0.3970460469157255 0.22523461939520334 0.39357080799304955 0.1689259645464025 0.3944396177237185 0.1678832116788321 0.39357080799304955 0.10323253388946818 0.3970460469157255 0.10427528675703857 0.4013900955690704
3 0.7466110531803962 0.6116420503909644 0.7445255474452555 0.6099044309296264 0.743482794577685 0.6290182450043441 0.7466110531803962 0.6116420503909644
2 0.7653806047966631 0.4291920069504779 0.7632950990615224 0.4317984361424848 0.7653806047966631 0.4361424847958298 0.7591240875912408 0.4474370112945265 0.7559958289885297 0.4691572545612511 0.7455683003128258 0.5925282363162468 0.743482794577685 0.5994787141615986 0.7393117831074034 0.6020851433536056 0.743482794577685 0.6055603822762816 0.7361835245046924 0.6733275412684623 0.7361835245046924 0.6794092093831451 0.7403545359749739 0.68375325803649 0.7455683003128258 0.6794092093831451 0.7664233576642335 0.4569939183318853 0.7685088633993743 0.4474370112945265 0.775808133472367 0.44048653344917466 0.8175182481751824 0.4396177237185057 0.8237747653806048 0.44309296264118164 0.8738269030239832 0.5603822762814944 0.8738269030239832 0.5673327541268463 0.8633993743482794 0.5708079930495222 0.8759124087591241 0.5725456125108602 0.8811261730969759 0.576889661164205 0.9040667361835245 0.63249348392702 0.9082377476538059 0.6368375325803649 0.9124087591240876 0.635968722849696 0.8540145985401459 0.4917463075586447 0.8665276329509906 0.4483058210251955 0.8633993743482794 0.4317984361424848 0.8790406673618352 0.4283231972198089 0.8769551616266945 0.423110338835795 0.8706986444212721 0.422241529105126 0.8654848800834202 0.422241529105126 0.7820646506777893 0.4265855777584709 0.7653806047966631 0.4291920069504779
3 0.9113660062565172 0.6368375325803649 0.9124087591240876 0.63249348392702 0.9051094890510948 0.629887054735013 0.9082377476538059 0.6264118158123371 0.9040667361835245 0.6246741963509992 0.9040667361835245 0.63249348392702 0.9113660062565172 0.6368375325803649
3 0.2857142857142857 0.578627280625543 0.291970802919708 0.579496090356212 0.2930135557872784 0.576889661164205 0.2805005213764338 0.5603822762814944 0.2773722627737226 0.5603822762814944 0.27632950990615224 0.5647263249348393 0.2857142857142857 0.578627280625543
9 0 0.9991311902693312 0.9989572471324296 0.9991311902693312 0.9989572471324296 0 0.9937267987486965 0 0 0 0 0.9991311902693312
