0 0.11328125 0.49255952380952384 0.11328125 0.5104166666666666 0.1259765625 0.5208333333333333 0.1337890625 0.5163690476190477 0.1435546875 0.5238095238095238 0.14453125 0.5178571428571428 0.1533203125 0.5267857142857142 0.1650390625 0.519345238095238 0.1708984375 0.5267857142857142 0.1806640625 0.5267857142857142 0.19921875 0.5223214285714286 0.205078125 0.5163690476190477 0.212890625 0.5223214285714286 0.2197265625 0.5163690476190477 0.2333984375 0.6041666666666666 0.236328125 0.6175595238095238 0.2431640625 0.6279761904761905 0.3134765625 0.6458333333333333 0.3232421875 0.6383928571428571 0.3837890625 0.6294642857142857 0.44921875 0.6294642857142857 0.462890625 0.6369047619047619 0.478515625 0.6383928571428571 0.48828125 0.6339285714285714 0.4912109375 0.6235119047619048 0.4921875 0.6339285714285714 0.5029296875 0.6428571428571428 0.5546875 0.6294642857142857 0.564453125 0.6056547619047619 0.5732421875 0.5386904761904762 0.5810546875 0.5163690476190477 0.591796875 0.5372023809523809 0.5888671875 0.53125 0.5947265625 0.5297619047619048 0.595703125 0.5357142857142857 0.59765625 0.525297619047619 0.60546875 0.5267857142857142 0.6083984375 0.5357142857142857 0.607421875 0.5297619047619048 0.6123046875 0.525297619047619 0.6201171875 0.53125 0.6181640625 0.5208333333333333 0.630859375 0.53125 0.625 0.5208333333333333 0.6337890625 0.519345238095238 0.63671875 0.5119047619047619 0.6416015625 0.5148809523809523 0.63671875 0.5297619047619048 0.640625 0.525297619047619 0.6474609375 0.53125 0.6669921875 0.5223214285714286 0.6640625 0.5178571428571428 0.66796875 0.5119047619047619 0.6748046875 0.5133928571428571 0.681640625 0.5044642857142857 0.681640625 0.488095238095238 0.685546875 0.4866071428571428 0.6806640625 0.4866071428571428 0.6806640625 0.48065476190476186 0.685546875 0.47619047619047616 0.689453125 0.44940476190476186 0.6875 0.44494047619047616 0.677734375 0.44494047619047616 0.6650390625 0.4553571428571428 0.6171875 0.46279761904761896 0.302734375 0.46428571428571425 0.171875 0.45982142857142855 0.1337890625 0.4523809523809524 0.1162109375 0.4419642857142857 0.109375 0.44494047619047616 0.1083984375 0.4732142857142857 0.11328125 0.49255952380952384
5 0.50390625 0.6741071428571428 0.51171875 0.7217261904761905 0.57421875 0.7217261904761905 0.5849609375 0.7410714285714286 0.6611328125 0.7410714285714286 0.6787109375 0.7366071428571428 0.6767578125 0.7336309523809523 0.685546875 0.7247023809523809 0.68359375 0.6919642857142857 0.689453125 0.6770833333333333 0.6875 0.6711309523809523 0.66796875 0.6711309523809523 0.6650390625 0.675595238095238 0.6259765625 0.6711309523809523 0.623046875 0.6785714285714286 0.6123046875 0.6770833333333333 0.611328125 0.6711309523809523 0.5986328125 0.6696428571428571 0.5986328125 0.6636904761904762 0.5947265625 0.6607142857142857 0.5986328125 0.6577380952380951 0.59765625 0.650297619047619 0.6103515625 0.6428571428571428 0.60546875 0.6428571428571428 0.6025390625 0.6369047619047619 0.6044921875 0.644345238095238 0.599609375 0.6473214285714286 0.595703125 0.6354166666666666 0.587890625 0.6339285714285714 0.5322265625 0.6354166666666666 0.5029296875 0.6488095238095238 0.4921875 0.6651785714285714 0.50390625 0.6741071428571428
5 0.1005859375 0.7351190476190476 0.1572265625 0.7410714285714286 0.259765625 0.7395833333333333 0.2919921875 0.7336309523809523 0.32421875 0.738095238095238 0.33984375 0.7202380952380951 0.4296875 0.7202380952380951 0.42578125 0.6800595238095238 0.43359375 0.6458333333333333 0.4443359375 0.6383928571428571 0.44140625 0.6354166666666666 0.435546875 0.6428571428571428 0.435546875 0.6354166666666666 0.4287109375 0.6324404761904762 0.361328125 0.6339285714285714 0.3056640625 0.6547619047619048 0.3037109375 0.6458333333333333 0.283203125 0.6369047619047619 0.255859375 0.6324404761904762 0.2099609375 0.6339285714285714 0.1279296875 0.6473214285714286 0.09375 0.6681547619047619 0.0908203125 0.681547619047619 0.1005859375 0.7351190476190476
4 0.04296875 0.6145833333333333 0.068359375 0.7366071428571428 0.0732421875 0.75 0.0849609375 0.7619047619047619 0.1025390625 0.7604166666666666 0.103515625 0.744047619047619 0.107421875 0.7410714285714286 0.0966796875 0.7336309523809523 0.0888671875 0.6785714285714286 0.095703125 0.6622023809523809 0.123046875 0.6473214285714286 0.123046875 0.5863095238095238 0.119140625 0.5788690476190477 0.107421875 0.5788690476190477 0.05859375 0.581845238095238 0.046875 0.5892857142857142 0.04296875 0.5952380952380951 0.04296875 0.6145833333333333
2 0.6845703125 0.7247023809523809 0.6884765625 0.7276785714285714 0.6953125 0.7217261904761905 0.705078125 0.7217261904761905 0.70703125 0.7157738095238095 0.70703125 0.7023809523809523 0.7041015625 0.6994047619047619 0.685546875 0.7083333333333333 0.6875 0.712797619047619 0.6845703125 0.7247023809523809
2 0.6748046875 0.6324404761904762 0.6796875 0.6354166666666666 0.6826171875 0.6264880952380951 0.6865234375 0.6264880952380951 0.6884765625 0.6458333333333333 0.6953125 0.6369047619047619 0.697265625 0.6398809523809523 0.693359375 0.6532738095238095 0.685546875 0.6547619047619048 0.6923828125 0.6770833333333333 0.7060546875 0.6860119047619048 0.71484375 0.6785714285714286 0.7275390625 0.6056547619047619 0.72265625 0.587797619047619 0.6748046875 0.5788690476190477 0.6689453125 0.6145833333333333 0.669921875 0.6369047619047619 0.6748046875 0.6324404761904762
1 0.595703125 0.7663690476190476 0.662109375 0.7678571428571428 0.6884765625 0.7619047619047619 0.6923828125 0.7589285714285714 0.69140625 0.7485119047619048 0.697265625 0.7514880952380951 0.6953125 0.7470238095238095 0.685546875 0.7470238095238095 0.68359375 0.7410714285714286 0.6865234375 0.7366071428571428 0.681640625 0.7321428571428571 0.666015625 0.7366071428571428 0.5888671875 0.7366071428571428 0.5810546875 0.7276785714285714 0.5849609375 0.7559523809523809 0.595703125 0.7663690476190476
1 0.1044921875 0.769345238095238 0.30078125 0.7678571428571428 0.3154296875 0.7604166666666666 0.32421875 0.7410714285714286 0.30078125 0.738095238095238 0.2958984375 0.7336309523809523 0.234375 0.7410714285714286 0.1103515625 0.7395833333333333 0.107421875 0.744047619047619 0.10546875 0.7395833333333333 0.103515625 0.7410714285714286 0.1083984375 0.7470238095238095 0.09765625 0.7559523809523809 0.0927734375 0.7559523809523809 0.0869140625 0.7619047619047619 0.0986328125 0.7633928571428571 0.1044921875 0.769345238095238
3 0.099609375 0.7976190476190476 0.10546875 0.7678571428571428 0.0986328125 0.7663690476190476 0.0966796875 0.7708333333333333 0.095703125 0.7961309523809523 0.099609375 0.7976190476190476
3 0.6748046875 0.8005952380952381 0.677734375 0.7857142857142857 0.67578125 0.7678571428571428 0.6669921875 0.7678571428571428 0.6689453125 0.7961309523809523 0.6748046875 0.8005952380952381
7 0.07421875 0.7485119047619048 0.0810546875 0.75 0.0810546875 0.7574404761904762 0.1435546875 0.7633928571428571 0.158203125 0.7574404761904762 0.1640625 0.7619047619047619 0.20703125 0.7648809523809523 0.22265625 0.7604166666666666 0.240234375 0.7633928571428571 0.244140625 0.7589285714285714 0.30859375 0.7604166666666666 0.3173828125 0.7544642857142857 0.31640625 0.7470238095238095 0.3203125 0.7470238095238095 0.31640625 0.7395833333333333 0.32421875 0.7410714285714286 0.3427734375 0.7202380952380951 0.4130859375 0.7202380952380951 0.4208984375 0.7038690476190476 0.42617652529761907 0.707890447845805 0.427734375 0.6592261904761905 0.4384765625 0.6413690476190477 0.4599609375 0.644345238095238 0.466796875 0.6547619047619048 0.46875 0.6651785714285714 0.4755859375 0.6726190476190476 0.4757421875 0.6757142857142856 0.4794921875 0.6785714285714286 0.484375 0.6696428571428571 0.490234375 0.6681547619047619 0.5048828125 0.6726190476190476 0.513671875 0.7202380952380951 0.5458984375 0.7247023809523809 0.5771484375 0.7217261904761905 0.5849609375 0.744047619047619 0.5849609375 0.7544642857142857 0.58984375 0.7604166666666666 0.6845703125 0.7604166666666666 0.6962890625 0.7514880952380951 0.7021484375 0.7217261904761905 0.6650390625 0.7217261904761905 0.6572265625 0.7142857142857142 0.650390625 0.7217261904761905 0.6396484375 0.7142857142857142 0.63671875 0.7217261904761905 0.634765625 0.712797619047619 0.6259765625 0.712797619047619 0.6240234375 0.7217261904761905 0.611328125 0.7217261904761905 0.6025390625 0.7023809523809523 0.615234375 0.681547619047619 0.6123046875 0.6830357142857142 0.6142578125 0.681547619047619 0.6025390625 0.6726190476190476 0.6064453125 0.6651785714285714 0.603515625 0.6547619047619048 0.60546875 0.650297619047619 0.6005859375 0.6488095238095238 0.6025390625 0.6428571428571428 0.5986328125 0.6458333333333333 0.595703125 0.6369047619047619 0.615234375 0.6324404761904762 0.619140625 0.6264880952380951 0.6435546875 0.6279761904761905 0.6474609375 0.6383928571428571 0.654296875 0.644345238095238 0.66015625 0.6428571428571428 0.6572265625 0.6517857142857142 0.65234375 0.650297619047619 0.654296875 0.6622023809523809 0.6572265625 0.6547619047619048 0.6611328125 0.6651785714285714 0.677734375 0.6651785714285714 0.681640625 0.6696428571428571 0.69921875 0.6696428571428571 0.703125 0.6651785714285714 0.712890625 0.6726190476190476 0.716796875 0.650297619047619 0.712890625 0.650297619047619 0.7109375 0.6369047619047619 0.705078125 0.6324404761904762 0.7060546875 0.6235119047619048 0.708984375 0.619047619047619 0.712890625 0.625 0.7158203125 0.6175595238095238 0.7197265625 0.6220238095238095 0.71484375 0.6145833333333333 0.7236328125 0.6026785714285714 0.7236328125 0.5922619047619048 0.7158203125 0.581845238095238 0.7021484375 0.5892857142857142 0.7041015625 0.581845238095238 0.6748046875 0.5803571428571428 0.6728515625 0.5758928571428571 0.68359375 0.5238095238095238 0.68359375 0.519345238095238 0.6767578125 0.5148809523809523 0.68359375 0.5104166666666666 0.689453125 0.4836309523809524 0.6865234375 0.48065476190476186 0.689453125 0.47619047619047616 0.689453125 0.4419642857142857 0.681640625 0.4419642857142857 0.6572265625 0.456845238095238 0.626953125 0.46130952380952384 0.314453125 0.46279761904761896 0.1669921875 0.4583333333333333 0.14453125 0.4553571428571428 0.109375 0.43898809523809523 0.10546875 0.46279761904761896 0.109375 0.4970238095238095 0.1123046875 0.5119047619047619 0.119140625 0.5148809523809523 0.1103515625 0.5223214285714286 0.1181640625 0.5520833333333333 0.119140625 0.5699404761904762 0.1220703125 0.5729166666666666 0.1240234375 0.5997023809523809 0.12109375 0.5997023809523809 0.12109375 0.59375 0.1123046875 0.5982142857142857 0.1171875 0.6086309523809523 0.111328125 0.6116071428571428 0.111328125 0.6220238095238095 0.1064453125 0.6235119047619048 0.1044921875 0.619047619047619 0.1044921875 0.6235119047619048 0.0986328125 0.6235119047619048 0.0927734375 0.6175595238095238 0.09214564732142858 0.6089498299319728 0.08984375 0.6101190476190477 0.0869140625 0.6011904761904762 0.0888671875 0.5982142857142857 0.07421875 0.5833333333333333 0.0537109375 0.5848214285714286 0.044921875 0.5952380952380951 0.044921875 0.619047619047619 0.0517578125 0.6398809523809523 0.056640625 0.6860119047619048 0.0673828125 0.712797619047619 0.0712890625 0.7425595238095237 0.07421875 0.7485119047619048
