5 0.1908237747653806 0.4726324934839271 0.18143899895724713 0.473501303214596 0.15537017726798746 0.48653344917463076 0.14077163712200208 0.5047784535186794 0.145985401459854 0.5117289313640313 0.1532846715328467 0.5143353605560382 0.1532846715328467 0.5534317984361425 0.145985401459854 0.5569070373588184 0.15537017726798746 0.5577758470894875 0.17309697601668403 0.5664639443961772 0.1908237747653806 0.5638575152041703 0.3096976016684046 0.576889661164205 0.32012513034410844 0.582971329278888 0.33263816475495306 0.58123370981755 0.3534932221063608 0.5838401390095569 0.35870698644421267 0.5890529973935709 0.3733055265901981 0.585577758470895 0.4880083420229405 0.6012163336229366 0.5192909280500521 0.6020851433536056 0.5495307612095932 0.6064291920069504 0.5610010427528676 0.6125108601216334 0.5755995828988529 0.6090356211989575 0.5881126173096975 0.6125108601216334 0.6193952033368092 0.6133796698523024 0.6225234619395204 0.6159860990443093 0.6412930135557873 0.6159860990443093 0.64859228362878 0.6194613379669852 0.6579770594369134 0.6194613379669852 0.6611053180396246 0.6116420503909644 0.6652763295099061 0.6159860990443093 0.662148070907195 0.6185925282363163 0.6642335766423357 0.6203301476976543 0.6663190823774765 0.6159860990443093 0.6715328467153284 0.6185925282363163 0.6861313868613138 0.6168549087749783 0.6903023983315955 0.6194613379669852 0.6882168925964546 0.6229365768896612 0.7184567257559957 0.6290182450043441 0.7278415015641293 0.6290182450043441 0.7320125130344108 0.6238053866203301 0.7320125130344108 0.6142484795829714 0.7288842544316997 0.6125108601216334 0.7330552659019812 0.6072980017376195 0.7361835245046924 0.5708079930495222 0.743482794577685 0.5629887054735013 0.743482794577685 0.5430060816681147 0.7580813347236705 0.5056472632493485 0.7580813347236705 0.5013032145960035 0.7476538060479666 0.4943527367506516 0.7132429614181438 0.4900086880973067 0.7059436913451511 0.48653344917463076 0.6329509906152242 0.48392701998262383 0.6225234619395204 0.4804517810599479 0.5891553701772679 0.4856646394439618 0.5672575599582899 0.4813205907906169 0.5349322210636079 0.4804517810599479 0.5151199165797705 0.4769765421372719 0.46193952033368085 0.4769765421372719 0.40771637122002086 0.4726324934839271 0.37643378519290926 0.474370112945265 0.3618352450469239 0.4726324934839271 0.35766423357664234 0.46307558644656827 0.34515119916579773 0.45960034752389234 0.27007299270072993 0.4561251086012164 0.26798748696558916 0.4561251086012164 0.21689259645464026 0.46307558644656827 0.1908237747653806 0.4726324934839271
4 0.2200208550573514 0.3857515204170287 0.11783107403545359 0.3996524761077324 0.0802919708029197 0.4005212858384014 0.12200208550573513 0.530842745438749 0.13660062565172054 0.5577758470894875 0.1522419186652763 0.5569070373588184 0.1522419186652763 0.5256298870547351 0.15849843587069862 0.5152041702867073 0.1522419186652763 0.5117289313640313 0.15119916579770593 0.5073848827106864 0.14494264859228362 0.5073848827106864 0.1397288842544317 0.5030408340573415 0.15119916579770593 0.48740225890529976 0.1605839416058394 0.4804517810599479 0.1845672575599583 0.47002606429192006 0.22419186652763293 0.45873153779322334 0.26277372262773724 0.4526498696785405 0.24921793534932218 0.3970460469157255 0.2408759124087591 0.38401390095569077 0.23774765380604795 0.38401390095569077 0.2273201251303441 0.38835794960903564 0.2200208550573514 0.3857515204170287
2 0.889468196037539 0.4291920069504779 0.8654848800834202 0.4309296264118158 0.8602711157455684 0.43440486533449174 0.8581856100104275 0.44135534317984365 0.8561001042752867 0.4352736750651608 0.848800834202294 0.4370112945264987 0.8300312825860271 0.4439617723718506 0.8237747653806048 0.45351867940920937 0.8206465067778936 0.4448305821025196 0.8143899895724713 0.4491746307558645 0.8227320125130344 0.45351867940920937 0.816475495307612 0.4613379669852303 0.8112617309697601 0.4526498696785405 0.8070907194994786 0.4526498696785405 0.8081334723670489 0.4569939183318853 0.802919708029197 0.4613379669852303 0.799791449426486 0.4613379669852303 0.7987486965589154 0.45786272806255435 0.7924921793534931 0.45960034752389234 0.7924921793534931 0.47002606429192006 0.789363920750782 0.4726324934839271 0.7841501564129301 0.47002606429192006 0.7789363920750781 0.4726324934839271 0.7580813347236705 0.5082536924413554 0.7455683003128258 0.5421372719374458 0.7466110531803962 0.5647263249348393 0.7403545359749739 0.5725456125108602 0.7361835245046924 0.6038227628149435 0.7361835245046924 0.6203301476976543 0.7445255474452555 0.6264118158123371 0.7445255474452555 0.629887054735013 0.762252346193952 0.634231103388358 0.775808133472367 0.633362293657689 0.8196037539103231 0.6064291920069504 0.8519290928050051 0.582102519548219 0.8936392075078207 0.4986967854039966 0.9144942648592282 0.4465682015638575 0.9144942648592282 0.423110338835795 0.9071949947862356 0.42397914856646396 0.9030239833159541 0.4178974804517811 0.8978102189781021 0.4178974804517811 0.8884254431699686 0.423110338835795 0.889468196037539 0.4291920069504779
0 0.29509906152241916 0.3900955690703736 0.278415015641293 0.38922675933970463 0.26068821689259647 0.3831450912250217 0.25130344108446295 0.3831450912250217 0.25130344108446295 0.39530842745438755 0.26590198123044834 0.4491746307558645 0.28258602711157454 0.45351867940920937 0.3065693430656934 0.45351867940920937 0.3795620437956204 0.4613379669852303 0.40980187695516157 0.47002606429192006 0.429614181438999 0.4726324934839271 0.4869655891553702 0.47523892267593404 0.5067778936392074 0.473501303214596 0.556830031282586 0.47958297132927896 0.5724713242961418 0.47871416159860997 0.5860271115745568 0.4821894005212859 0.6068821689259645 0.4813205907906169 0.6214807090719499 0.4769765421372719 0.656934306569343 0.48305821025195483 0.6923879040667361 0.48305821025195483 0.762252346193952 0.4917463075586447 0.7747653806047966 0.473501303214596 0.7737226277372262 0.47002606429192006 0.7820646506777893 0.46220677671589927 0.789363920750782 0.45960034752389234 0.7956204379562044 0.4491746307558645 0.8060479666319083 0.4491746307558645 0.8133472367049009 0.4456993918331886 0.8070907194994786 0.44135534317984365 0.8133472367049009 0.4378801042571677 0.8175182481751824 0.4387489139878367 0.8206465067778936 0.4352736750651608 0.8342022940563085 0.4387489139878367 0.8383733055265902 0.4352736750651608 0.8477580813347236 0.4352736750651608 0.8519290928050051 0.4317984361424848 0.8425443169968718 0.4274543874891399 0.8477580813347236 0.4274543874891399 0.8540145985401459 0.423110338835795 0.859228362877998 0.42484795829713295 0.8769551616266945 0.421372719374457 0.8738269030239832 0.4178974804517811 0.8352450469238789 0.4118158123370982 0.7914494264859229 0.4118158123370982 0.789363920750782 0.40486533449174633 0.7966631908237747 0.39096437880104257 0.7945776850886339 0.3866203301476977 0.7612095933263816 0.39096437880104257 0.7142857142857142 0.3900955690703736 0.662148070907195 0.3822762814943528 0.6590198123044838 0.3996524761077324 0.6611053180396246 0.40399652476107734 0.6538060479666319 0.4109470026064292 0.6454640250260688 0.40834057341442226 0.643378519290928 0.3987836663770635 0.6225234619395204 0.3987836663770635 0.6131386861313868 0.4013900955690704 0.5849843587069864 0.3987836663770635 0.5828988529718456 0.39270199826238056 0.5881126173096975 0.38401390095569077 0.5870698644421272 0.3796698523023458 0.5484880083420229 0.3848827106863597 0.48592283628779975 0.3857515204170287 0.47028154327424393 0.3822762814943528 0.4629822732012513 0.38922675933970463 0.43899895724713245 0.3970460469157255 0.40771637122002086 0.39270199826238056 0.4014598540145985 0.38922675933970463 0.40771637122002086 0.369244135534318 0.35140771637122004 0.37185056472632494 0.3044838373305526 0.36142484795829716 0.30344108446298224 0.36055603822762816 0.3003128258602711 0.36229365768896615 0.29509906152241916 0.3900955690703736
3 0.32533889468196037 0.5847089487402259 0.32742440041710114 0.582102519548219 0.32429614181439 0.579496090356212 0.3159541188738269 0.579496090356212 0.31386861313868614 0.579496090356212 0.31491136600625647 0.5847089487402259 0.32533889468196037 0.5847089487402259
3 0.16996871741397288 0.5690703735881842 0.18143899895724713 0.5673327541268463 0.18039624608967672 0.5638575152041703 0.17205422314911364 0.5629887054735013 0.16684045881126172 0.5629887054735013 0.16475495307612095 0.5638575152041703 0.16996871741397288 0.5690703735881842
3 0.35453597497393113 0.5881841876629019 0.3670490093847758 0.5916594265855778 0.37122002085505734 0.5873153779322329 0.3660062565172054 0.5847089487402259 0.3602711157455683 0.5847089487402259 0.35453597497393113 0.5847089487402259 0.35453597497393113 0.5881841876629019
3 0.5672575599582899 0.6168549087749783 0.570385818561001 0.6125108601216334 0.5651720542231491 0.6090356211989575 0.5557872784150156 0.6090356211989575 0.5557872784150156 0.6159860990443093 0.5672575599582899 0.6168549087749783
3 0.7299270072992701 0.6368375325803649 0.7340980187695516 0.6394439617723718 0.7455683003128258 0.637706342311034 0.7424400417101147 0.631624674196351 0.7367049009384775 0.631624674196351 0.7299270072992701 0.63249348392702 0.7299270072992701 0.6368375325803649
9 0 0.9991311902693312 0.9989572471324296 0.9991311902693312 0.9989572471324296 0 0.9937267987486965 0 0 0 0 0.9991311902693312
