0 0.25443169968717416 0.35794960903562123 0.24817518248175183 0.3805386620330148 0.24400417101147026 0.3857515204170287 0.19186652763295098 0.3866203301476977 0.11157455683003129 0.39357080799304955 0.10531803962460898 0.4013900955690704 0.10427528675703857 0.40920938314509125 0.11887382690302398 0.4613379669852303 0.1261730969760167 0.46655082536924414 0.13660062565172054 0.46655082536924414 0.1751824817518248 0.45873153779322334 0.22940563086548488 0.4552562988705474 0.26277372262773724 0.45004344048653344 0.39624608967674657 0.4561251086012164 0.41605839416058393 0.45438748913987836 0.510948905109489 0.46220677671589927 0.5933263816475496 0.46655082536924414 0.6193952033368092 0.4648132059079062 0.6319082377476538 0.46828844483058213 0.6965589155370177 0.47002606429192006 0.7101147028154327 0.4726324934839271 0.7174139728884253 0.5013032145960035 0.7267987486965588 0.5047784535186794 0.7393117831074034 0.5047784535186794 0.748696558915537 0.5013032145960035 0.7570385818561001 0.4474370112945265 0.762252346193952 0.4309296264118158 0.7695516162669447 0.423110338835795 0.7862356621480708 0.41615986099044316 0.8561001042752867 0.40747176368375326 0.8665276329509906 0.4005212858384014 0.8654848800834202 0.370112945264987 0.8613138686131385 0.3666377063423111 0.8508863399374349 0.3649000868809731 0.775808133472367 0.36403127715030414 0.6579770594369134 0.35621198957428324 0.643378519290928 0.35621198957428324 0.6360792492179353 0.35968722849695917 0.6298227320125129 0.35708079930495223 0.5495307612095932 0.35708079930495223 0.45985401459854014 0.3518679409209383 0.43899895724713245 0.35447437011294525 0.42752867570385816 0.3518679409209383 0.37747653806047965 0.3518679409209383 0.3721209593326381 0.3518679409209383 0.25964546402502603 0.3518679409209383 0.25443169968717416 0.35794960903562123
2 0.8602711157455684 0.40920938314509125 0.7935349322210635 0.4178974804517811 0.7789363920750781 0.422241529105126 0.775808133472367 0.42571676802780195 0.7716371220020855 0.42484795829713295 0.7653806047966631 0.4309296264118158 0.7580813347236705 0.4526498696785405 0.7570385818561001 0.47523892267593404 0.762252346193952 0.4769765421372719 0.7549530761209593 0.47958297132927896 0.7570385818561001 0.48392701998262383 0.7518248175182481 0.5056472632493485 0.7507820646506778 0.5395308427454387 0.7466110531803962 0.5490877497827976 0.7476538060479666 0.5569070373588184 0.7559958289885297 0.5664639443961772 0.7507820646506778 0.5708079930495222 0.7518248175182481 0.58123370981755 0.7612095933263816 0.5847089487402259 0.7956204379562044 0.582102519548219 0.8279457768508862 0.5742832319721981 0.8352450469238789 0.5690703735881842 0.8467153284671532 0.5690703735881842 0.9155370177267986 0.5490877497827976 0.9186652763295099 0.5221546481320591 0.9186652763295099 0.4178974804517811 0.916579770594369 0.40834057341442226 0.9103232533889468 0.40399652476107734 0.9051094890510948 0.40399652476107734 0.8790406673618352 0.40399652476107734 0.8602711157455684 0.40920938314509125
3 0.08654848800834201 0.5360556038227628 0.12200208550573513 0.5421372719374458 0.12200208550573513 0.5881841876629019 0.12408759124087591 0.5916594265855778 0.12930135557872785 0.5916594265855778 0.13034410844629823 0.5360556038227628 0.10114702815432741 0.532580364900087 0.09436913451511991 0.532580364900087 0.0875912408759124 0.532580364900087 0.08654848800834201 0.5360556038227628
4 0.08133472367049009 0.4005212858384014 0.0802919708029197 0.49609035621198966 0.08342022940563086 0.528236316246742 0.10844629822732013 0.527367506516073 0.11261730969760167 0.5230234578627281 0.11574556830031282 0.5247610773240661 0.11887382690302398 0.5186794092093832 0.11678832116788321 0.5082536924413554 0.10740354535974975 0.4978279756733276 0.10844629822732013 0.47610773240660303 0.12200208550573513 0.46655082536924414 0.11470281543274244 0.4552562988705474 0.10427528675703857 0.41529105125977417 0.10636079249217936 0.4005212858384014 0.11470281543274244 0.39357080799304955 0.11887382690302398 0.39357080799304955 0.11157455683003129 0.39270199826238056 0.10636079249217936 0.39270199826238056 0.0875912408759124 0.39357080799304955 0.08133472367049009 0.4005212858384014
3 0.2940563086548488 0.5647263249348393 0.3003128258602711 0.5638575152041703 0.3003128258602711 0.5490877497827976 0.29718456725755993 0.5482189400521287 0.29614181438998954 0.5473501303214596 0.291970802919708 0.5499565595134666 0.2940563086548488 0.5647263249348393
5 0.12825860271115747 0.47089487402258906 0.11783107403545359 0.47089487402258906 0.1105318039624609 0.47784535186794097 0.10948905109489052 0.49261511728931373 0.11261730969760167 0.5047784535186794 0.11887382690302398 0.5099913119026933 0.12930135557872785 0.5117289313640313 0.5578727841501564 0.5403996524761078 0.6986444212721585 0.5534317984361425 0.7330552659019812 0.5516941789748045 0.7424400417101147 0.5456125108601217 0.7466110531803962 0.5386620330147698 0.748696558915537 0.5082536924413554 0.7236704900938478 0.5082536924413554 0.7194994786235662 0.5056472632493485 0.7090719499478623 0.49609035621198966 0.7069864442127216 0.4804517810599479 0.7028154327424401 0.47523892267593404 0.6986444212721585 0.47871416159860997 0.6955161626694473 0.47523892267593404 0.6923879040667361 0.47784535186794097 0.6819603753910323 0.4726324934839271 0.5026068821689259 0.4648132059079062 0.47028154327424393 0.45960034752389234 0.2805005213764338 0.4526498696785405 0.2745046923879041 0.4526498696785405 0.17726798748696557 0.4604691572545613 0.12825860271115747 0.47089487402258906
3 0.8550573514077163 0.5838401390095569 0.8571428571428571 0.6090356211989575 0.862356621480709 0.6090356211989575 0.8633993743482794 0.6064291920069504 0.8633993743482794 0.5734144222415292 0.8602711157455684 0.5734144222415292 0.8561001042752867 0.5742832319721981 0.8550573514077163 0.5838401390095569
3 0.4556830031282586 0.5986099044309297 0.45985401459854014 0.6038227628149435 0.4661105318039624 0.6029539530842746 0.4681960375391032 0.5951346655082538 0.46506777893639206 0.5603822762814944 0.45881126173096975 0.5603822762814944 0.4556830031282586 0.5629887054735013 0.4556830031282586 0.5986099044309297
3 0.7236704900938478 0.6490008688097306 0.7299270072992701 0.6463944396177237 0.7330552659019812 0.5916594265855778 0.7330552659019812 0.5881841876629019 0.7267987486965588 0.5847089487402259 0.7215849843587069 0.5847089487402259 0.7205422314911366 0.6472632493483927 0.7236704900938478 0.6490008688097306
9 0 0.9991311902693312 0.9989572471324296 0.9991311902693312 0.9989572471324296 0 0.9937267987486965 0 0 0 0 0.9991311902693312
