0 0.2314453125 0.46920821114369504 0.263671875 0.46041055718475077 0.2705078125 0.46334310850439886 0.2666015625 0.5425219941348974 0.279296875 0.5835777126099707 0.28515625 0.5909090909090909 0.34375 0.5953079178885631 0.3818359375 0.6099706744868035 0.4423828125 0.593841642228739 0.533203125 0.593841642228739 0.576171875 0.6055718475073314 0.5908203125 0.6158357771260998 0.5966796875 0.6085043988269795 0.6318359375 0.5967741935483871 0.6884765625 0.593841642228739 0.701171875 0.5439882697947215 0.70703125 0.4545454545454546 0.7236328125 0.4516129032258065 0.734375 0.4589442815249267 0.7587890625 0.4618768328445748 0.783203125 0.45601173020527863 0.7861328125 0.4428152492668622 0.7841796875 0.42815249266862176 0.59765625 0.42815249266862176 0.5966796875 0.4516129032258065 0.5927734375 0.45601173020527863 0.587890625 0.42815249266862176 0.419921875 0.42815249266862176 0.404296875 0.4296187683284458 0.3994140625 0.435483870967742 0.3935546875 0.4296187683284458 0.369140625 0.42815249266862176 0.212890625 0.43108504398826986 0.212890625 0.467741935483871 0.2314453125 0.46920821114369504
5 0.25 0.6832844574780059 0.345703125 0.6818181818181819 0.3583984375 0.6788856304985338 0.369140625 0.6686217008797655 0.3818359375 0.6788856304985338 0.4013671875 0.6832844574780059 0.5595703125 0.68475073313783 0.58203125 0.6803519061583578 0.59765625 0.6715542521994136 0.6015625 0.6803519061583578 0.6064453125 0.6774193548387097 0.6083984375 0.6818181818181819 0.61328125 0.6818181818181819 0.6181640625 0.6744868035190617 0.6279296875 0.6832844574780059 0.630859375 0.6759530791788857 0.6328125 0.6832844574780059 0.634765625 0.6744868035190617 0.638671875 0.6818181818181819 0.6376953125 0.6744868035190617 0.646484375 0.6715542521994136 0.669921875 0.6759530791788857 0.67578125 0.6818181818181819 0.6806640625 0.6700879765395895 0.697265625 0.6818181818181819 0.7060546875 0.6686217008797655 0.7099609375 0.6774193548387097 0.70703125 0.6818181818181819 0.7099609375 0.6832844574780059 0.736328125 0.6832844574780059 0.73828125 0.6788856304985338 0.7412109375 0.6832844574780059 0.73828125 0.6759530791788857 0.7431640625 0.6759530791788857 0.748046875 0.6832844574780059 0.748046875 0.6759530791788857 0.7578125 0.6671554252199414 0.7626953125 0.6671554252199414 0.765625 0.6730205278592376 0.765625 0.6627565982404693 0.7744140625 0.6627565982404693 0.7783203125 0.6686217008797655 0.7724609375 0.6744868035190617 0.775390625 0.6818181818181819 0.77734375 0.6744868035190617 0.78515625 0.6671554252199414 0.7890625 0.6671554252199414 0.791015625 0.6759530791788857 0.8193359375 0.6759530791788857 0.82421875 0.6700879765395895 0.826171875 0.6451612903225807 0.826171875 0.6334310850439884 0.8193359375 0.621700879765396 0.771484375 0.6011730205278593 0.7353515625 0.5953079178885631 0.6376953125 0.5982404692082112 0.6005859375 0.6129032258064517 0.5947265625 0.620234604105572 0.5537109375 0.5982404692082112 0.52734375 0.5953079178885631 0.4208984375 0.5982404692082112 0.3837890625 0.6187683284457479 0.3662109375 0.6055718475073314 0.345703125 0.5982404692082112 0.234375 0.5953079178885631 0.2119140625 0.5982404692082112 0.1708984375 0.6129032258064517 0.1494140625 0.6260997067448681 0.1474609375 0.6348973607038124 0.1474609375 0.6656891495601174 0.158203125 0.6774193548387097 0.177734375 0.6818181818181819 0.25 0.6832844574780059
4 0.150390625 0.6260997067448681 0.1806640625 0.6055718475073314 0.1865234375 0.5557184750733138 0.17578125 0.5234604105571848 0.1572265625 0.5205278592375367 0.1474609375 0.5263929618768329 0.146484375 0.62316715542522 0.150390625 0.6260997067448681
2 0.7939453125 0.6026392961876833 0.810546875 0.6173020527859239 0.82421875 0.621700879765396 0.8310546875 0.6392961876832846 0.8291015625 0.6275659824046922 0.8330078125 0.6085043988269795 0.833984375 0.5439882697947215 0.83203125 0.5249266862170089 0.8271484375 0.5205278592375367 0.796875 0.5249266862170089 0.79296875 0.5542521994134898 0.7939453125 0.6026392961876833
1 0.671875 0.749266862170088 0.6779296875 0.7478005865102639 0.677734375 0.7331378299120235 0.6819882150423728 0.7267508325463493 0.6611328125 0.7287390029325513 0.5986328125 0.7243401759530792 0.59375 0.7096774193548387 0.5966796875 0.6906158357771262 0.5947265625 0.686217008797654 0.3935546875 0.686217008797654 0.380859375 0.6818181818181819 0.2041015625 0.68475073313783 0.1455078125 0.6803519061583578 0.1279296875 0.6876832844574781 0.126953125 0.7404692082111437 0.12890625 0.7448680351906158 0.142578125 0.7478005865102639 0.21484375 0.7448680351906158 0.671875 0.749266862170088
1 0.8349609375 0.7067448680351907 0.828125 0.7052785923753666 0.8115234375 0.7096774193548387 0.806640625 0.7140762463343109 0.806640625 0.7228739002932552 0.7998046875 0.7272727272727273 0.755859375 0.7258064516129032 0.7582974828389494 0.749235166471171 0.8369140625 0.750733137829912 0.845703125 0.7463343108504399 0.8427734375 0.7052785923753666 0.837890625 0.7140762463343109 0.8349609375 0.7067448680351907
1 0.7314453125 0.7272727272727273 0.72265625 0.7228739002932552 0.6862200394417476 0.7263474076815762 0.6923828125 0.7272727272727273 0.6830078125 0.7478005865102639 0.7470805285603899 0.7490214370477589 0.748046875 0.7258064516129032 0.7392578125 0.7228739002932552 0.7314453125 0.7272727272727273
3 0.2001953125 0.7573313782991203 0.2001953125 0.781524926686217 0.2021484375 0.7859237536656891 0.208984375 0.7859237536656891 0.2109375 0.750733137829912 0.201171875 0.7478005865102639 0.2099609375 0.7551319648093842 0.2001953125 0.7573313782991203
3 0.8232421875 0.7595307917888563 0.81640625 0.7536656891495601 0.810546875 0.7551319648093842 0.82421875 0.7609970674486803 0.8330078125 0.7800586510263929 0.8330078125 0.8372434017595308 0.837890625 0.8401759530791789 0.841796875 0.8387096774193548 0.8427734375 0.8299120234604105 0.841796875 0.7873900293255132 0.8388671875 0.782991202346041 0.841796875 0.7697947214076246 0.833984375 0.7785923753665689 0.8330078125 0.7683284457478006 0.828125 0.7609970674486803 0.8310546875 0.7565982404692082 0.841796875 0.7609970674486803 0.8359375 0.7536656891495601 0.822265625 0.7536656891495601 0.8232421875 0.7595307917888563
3 0.7939453125 0.7903225806451613 0.796875 0.781524926686217 0.796875 0.7580645161290323 0.794921875 0.7521994134897361 0.787109375 0.7521994134897361 0.7861328125 0.7873900293255132 0.7939453125 0.7903225806451613
3 0.1376953125 0.8343108504398827 0.1416015625 0.8313782991202346 0.142578125 0.7624633431085044 0.1640625 0.749266862170088 0.1591796875 0.7521994134897361 0.15771484375 0.7478005865102639 0.1552734375 0.7536656891495601 0.15234375 0.7478005865102639 0.1513671875 0.7551319648093842 0.1474609375 0.7565982404692082 0.14697265625 0.7478005865102639 0.130859375 0.7478005865102639 0.1298828125 0.8269794721407624 0.1376953125 0.8343108504398827
7 0 0.9530791788856305 0.087890625 0.9545454545454547 0.0908203125 0.9794721407624634 0.0888671875 0.9882697947214076 0.0810546875 0.9941348973607038 0.087890625 0.995601173020528 0.09375 0.9897360703812318 0.1025390625 0.9941348973607038 0.10546875 0.9868035190615837 0.1083984375 0.995601173020528 0.119140625 0.9985337243401761 0.1259765625 0.995601173020528 0.126953125 0.9897360703812318 0.130859375 0.9941348973607038 0.134765625 0.9882697947214076 0.13671875 0.9941348973607038 0.16796875 0.995601173020528 0.1767578125 0.9882697947214076 0.185546875 0.9897360703812318 0.1884765625 0.9765395894428153 0.1962890625 0.9838709677419356 0.197265625 0.9941348973607038 0.201171875 0.9941348973607038 0.2021484375 0.9882697947214076 0.205078125 0.9941348973607038 0.212890625 0.9941348973607038 0.2197265625 0.9868035190615837 0.2265625 0.9941348973607038 0.2294921875 0.9882697947214076 0.234375 0.9941348973607038 0.2412109375 0.9941348973607038 0.244140625 0.9882697947214076 0.25 0.995601173020528 0.2666015625 0.9941348973607038 0.271484375 0.9882697947214076 0.29296875 0.9941348973607038 0.2978515625 0.9941348973607038 0.298828125 0.9897360703812318 0.302734375 0.9941348973607038 0.326171875 0.9941348973607038 0.3271484375 0.9882697947214076 0.3291015625 0.9926686217008799 0.3388671875 0.9941348973607038 0.3427734375 0.9897360703812318 0.353515625 0.9941348973607038 0.35546875 0.9882697947214076 0.3603515625 0.995601173020528 0.4111328125 0.9912023460410557 0.4228515625 0.9941348973607038 0.4248046875 0.9882697947214076 0.431640625 0.995601173020528 0.439453125 0.9882697947214076 0.4423828125 0.995601173020528 0.4541015625 0.995601173020528 0.4775390625 0.9838709677419356 0.486328125 0.995601173020528 0.50390625 0.995601173020528 0.5078125 0.9897360703812318 0.5078125 0.9941348973607038 0.5185546875 0.9912023460410557 0.5224609375 0.9853372434017595 0.5263671875 0.9868035190615837 0.5263671875 0.9941348973607038 0.5322265625 0.995601173020528 0.5458984375 0.9941348973607038 0.5498046875 0.9882697947214076 0.5537109375 0.9941348973607038 0.5625 0.9941348973607038 0.564453125 0.9882697947214076 0.56640625 0.9941348973607038 0.578125 0.9912023460410557 0.58203125 0.995601173020528 0.5966796875 0.995601173020528 0.61328125 0.9882697947214076 0.6181640625 0.9692082111436952 0.62109375 0.9721407624633432 0.6201171875 0.9838709677419356 0.640625 0.995601173020528 0.66796875 0.995601173020528 0.671875 0.9897360703812318 0.685546875 0.9926686217008799 0.6884765625 0.9882697947214076 0.69921875 0.9941348973607038 0.7080078125 0.9838709677419356 0.7060546875 0.9941348973607038 0.71484375 0.9868035190615837 0.712890625 0.995601173020528 0.7177734375 0.9912023460410557 0.734375 0.9941348973607038 0.732421875 0.9897360703812318 0.7373046875 0.9912023460410557 0.7412109375 0.9853372434017595 0.748046875 0.9853372434017595 0.751953125 0.9941348973607038 0.767578125 0.9853372434017595 0.7783203125 0.995601173020528 0.79296875 0.9941348973607038 0.7958984375 0.9882697947214076 0.8095703125 0.9926686217008799 0.814453125 0.9882697947214076 0.8173828125 0.995601173020528 0.8486328125 0.9926686217008799 0.8515625 0.9882697947214076 0.8671875 0.9941348973607038 0.869140625 0.9868035190615837 0.8759765625 0.995601173020528 0.8935546875 0.9926686217008799 0.896484375 0.9882697947214076 0.900390625 0.9941348973607038 0.916015625 0.995601173020528 0.9228515625 0.995601173020528 0.9248046875 0.9912023460410557 0.9404296875 0.9941348973607038 0.94140625 0.9897360703812318 0.9501953125 0.9882697947214076 0.958984375 0.9941348973607038 0.9794921875 0.9941348973607038 0.98828125 0.9809384164222875 0.9990234375 0.9736070381231672 0.9990234375 0.7316715542521994 0.994140625 0.7272727272727273 0.8642578125 0.7258064516129032 0.865234375 0.6085043988269795 0.94921875 0.6041055718475073 0.9990234375 0.6070381231671554 0.9990234375 0 0 0 0 0.9530791788856305
