0 0.3180396246089677 0.42224152910512597 0.3222106360792492 0.4352736750651607 0.3159541188738269 0.45873153779322323 0.3180396246089677 0.46394439617723715 0.40875912408759124 0.47002606429192006 0.5464025026068822 0.46915725456125107 0.5464025026068822 0.46481320590790615 0.5370177267987487 0.4569939183318853 0.5370177267987487 0.4300608166811468 0.5401459854014599 0.4283231972198088 0.5338894681960376 0.42224152910512597 0.5338894681960376 0.4152910512597741 0.5505735140771637 0.3979148566463944 0.5651720542231491 0.3927019982623805 0.6016684045881127 0.3944396177237185 0.6120959332638165 0.3814074717636837 0.6548488008342023 0.3727193744569939 0.8248175182481752 0.3770634231103388 0.8289885297184567 0.3727193744569939 0.8342022940563086 0.32754126846220677 0.8237747653806048 0.31711555169417893 0.7924921793534933 0.313640312771503 0.6339937434827946 0.3292788879235447 0.5557872784150156 0.3310165073848827 0.5349322210636079 0.3344917463075586 0.5286757038581856 0.33883579496090355 0.4181438998957247 0.3475238922675934 0.3315954118873827 0.34839270199826233 0.32429614181439 0.35273675065160726 0.31282586027111575 0.3814074717636837 0.3044838373305527 0.4083405734144222 0.3180396246089677 0.42224152910512597
5 0.09906152241918666 0.5169417897480452 0.13451511991657977 0.526498696785404 0.4640250260688217 0.5508253692441355 0.5985401459854015 0.5534317984361424 0.607924921793535 0.5499565595134666 0.6068821689259646 0.4934839270199826 0.6016684045881127 0.472632493483927 0.5755995828988529 0.4769765421372719 0.5276329509906152 0.470894874022589 0.1543274244004171 0.46481320590790615 0.10636079249217936 0.4682884448305821 0.08967674661105318 0.47523892267593393 0.08967674661105318 0.5099913119026933 0.09906152241918666 0.5169417897480452
1 0.11574556830031282 0.5673327541268461 0.6100104275286757 0.6194613379669852 0.6089676746611054 0.5612510860121633 0.5985401459854015 0.5560382276281494 0.3847758081334724 0.5464813205907906 0.12408759124087591 0.525629887054735 0.11261730969760167 0.526498696785404 0.10740354535974975 0.5386620330147698 0.10740354535974975 0.5638575152041703 0.11574556830031282 0.5673327541268461
3 0.15954118873826903 0.6151172893136403 0.16788321167883213 0.6142484795829712 0.17205422314911367 0.577758470894874 0.16892596454640252 0.573414422241529 0.1543274244004171 0.5725456125108601 0.1553701772679875 0.6116420503909643 0.15954118873826903 0.6151172893136403
3 0.8321167883211679 0.6403127715030408 0.835245046923879 0.6377063423110338 0.8373305526590198 0.5986099044309295 0.8342022940563086 0.5951346655082537 0.8185610010427529 0.5994787141615986 0.8206465067778936 0.6394439617723718 0.8321167883211679 0.6403127715030408
3 0.6423357664233577 0.6854908774978279 0.6496350364963503 0.682015638575152 0.6558915537017727 0.6298870547350129 0.6538060479666319 0.6255430060816681 0.6277372262773723 0.6246741963509991 0.6308654848800834 0.682015638575152 0.6423357664233577 0.6854908774978279
2 0.6120959332638165 0.6194613379669852 0.6642335766423357 0.6264118158123371 0.808133472367049 0.5986099044309295 0.8175182481751825 0.6090356211989574 0.821689259645464 0.6385751520417028 0.8289885297184567 0.6403127715030408 0.835245046923879 0.6359687228496959 0.835245046923879 0.5994787141615986 0.8394160583941606 0.5925282363162467 0.9113660062565172 0.577758470894874 0.9176225234619395 0.41181581233709813 0.9176225234619395 0.3892267593397046 0.9144942648592284 0.38575152041702865 0.6715328467153285 0.3727193744569939 0.6193952033368092 0.38053866203301473 0.6120959332638165 0.38401390095569066 0.6089676746611054 0.3935708079930495 0.6068821689259646 0.4674196350999131 0.6120959332638165 0.6194613379669852
4 0.21689259645464026 0.41181581233709813 0.22523461939520334 0.4048653344917463 0.23357664233576642 0.40573414422241527 0.23879040667361837 0.4144222415291051 0.2857142857142857 0.4144222415291051 0.30031282586027114 0.4083405734144222 0.30031282586027114 0.4039965247610773 0.19603753910323254 0.39965247610773236 0.19395203336809178 0.40225890529973934 0.21689259645464026 0.41181581233709813
4 0.08759124087591241 0.5638575152041703 0.10218978102189781 0.5655951346655083 0.10740354535974975 0.5638575152041703 0.10740354535974975 0.5291051259774109 0.10531803962460896 0.520417028670721 0.09906152241918666 0.5178105994787141 0.15328467153284672 0.40225890529973934 0.18039624608967675 0.40052128583840135 0.1261730969760167 0.3979148566463944 0.09384775808133472 0.3987836663770634 0.08237747653806048 0.40312771503040834 0.08446298227320126 0.5577758470894874 0.08759124087591241 0.5638575152041703
10 0 0.999131190269331 0.9989572471324296 0.999131190269331 0.9989572471324296 0 0 0 0 0.999131190269331
