0 0.2773722627737226 0.42745438748913983 0.2794577685088634 0.44743701129452645 0.28884254431699685 0.4517810599478714 0.5307612095933264 0.4665508253692441 0.6746611053180397 0.47002606429192006 0.6767466110531805 0.46307558644656815 0.667361835245047 0.43788010425716767 0.6757038581856101 0.42137271937445697 0.6913451511991658 0.40660295395308427 0.7038581856100105 0.40225890529973934 0.7507820646506778 0.4039965247610773 0.7570385818561002 0.3979148566463944 0.7778936392075079 0.39009556907037357 0.8362877997914494 0.39009556907037357 0.8467153284671534 0.3761946133796698 0.8477580813347237 0.3605560382276281 0.845672575599583 0.34926151172893133 0.8383733055265902 0.3414422241529105 0.8196037539103233 0.33796698523023455 0.8112617309697602 0.3457862728062554 0.8070907194994786 0.3457862728062554 0.8039624608967675 0.3405734144222415 0.7966631908237748 0.3405734144222415 0.62148070907195 0.3518679409209383 0.5172054223149114 0.3466550825369244 0.4921793534932221 0.35273675065160726 0.4174483837330553 0.35881841876629017 0.2805005213764338 0.35447437011294525 0.26903023983315955 0.35968722849695917 0.264859228362878 0.37185056472632494 0.2586027111574557 0.40052128583840135 0.2773722627737226 0.42745438748913983
5 0.08967674661105318 0.49782797567332754 0.09801876955161627 0.5030408340573415 0.09697601668404589 0.5282363162467419 0.10844629822732013 0.5308427454387489 0.11678832116788321 0.5134665508253692 0.1251303441084463 0.5091225021720243 0.14494264859228365 0.5125977410947002 0.16579770594369134 0.5108601216333623 0.22627737226277372 0.5143353605560382 0.2732012513034411 0.520417028670721 0.27528675703858185 0.523892267593397 0.29197080291970806 0.5212858384013901 0.2961418143899896 0.525629887054735 0.30656934306569344 0.5230234578627281 0.3524504692387904 0.525629887054735 0.4629822732012513 0.5369244135534318 0.6882168925964547 0.5525629887054735 0.7424400417101147 0.5534317984361424 0.7507820646506778 0.5490877497827975 0.7518248175182481 0.5447437011294526 0.7539103232533889 0.4874022589052997 0.7445255474452555 0.48045178105994785 0.7122002085505735 0.4839270199826238 0.7007299270072993 0.4830582102519548 0.6788321167883212 0.473501303214596 0.6527632950990615 0.470894874022589 0.5307612095933264 0.46915725456125107 0.4994786235662148 0.46481320590790615 0.3034410844629823 0.45438748913987836 0.11366006256517205 0.4569939183318853 0.09906152241918666 0.4613379669852302 0.08967674661105318 0.472632493483927 0.08654848800834203 0.4874022589052997 0.08967674661105318 0.49782797567332754
2 0.7580813347236706 0.6107732406602954 0.8091762252346194 0.6151172893136403 0.8300312825860271 0.6029539530842745 0.8415015641293013 0.6133796698523023 0.8519290928050053 0.6142484795829712 0.8581856100104276 0.5890529973935708 0.9144942648592284 0.5603822762814943 0.9155370177267987 0.40312771503040834 0.8425443169968717 0.3944396177237185 0.7883211678832117 0.3927019982623805 0.7632950990615225 0.3970460469157254 0.7580813347236706 0.4039965247610773 0.7507820646506778 0.6055603822762815 0.7580813347236706 0.6107732406602954
4 0.08446298227320126 0.5360556038227627 0.10218978102189781 0.5377932232841007 0.10531803962460896 0.5360556038227627 0.1032325338894682 0.5160729800173761 0.10010427528675704 0.5073848827106864 0.0886339937434828 0.49782797567332754 0.08759124087591241 0.48479582971329277 0.09071949947862357 0.4665508253692441 0.11574556830031282 0.4526498696785404 0.10531803962460896 0.43788010425716767 0.10636079249217936 0.4239791485664639 0.11261730969760167 0.4126846220677671 0.13138686131386862 0.40312771503040834 0.15745568300312826 0.40312771503040834 0.16788321167883213 0.4092093831450912 0.19082377476538062 0.40573414422241527 0.22314911366006257 0.41181581233709813 0.24817518248175183 0.4109470026064292 0.2523461939520334 0.40312771503040834 0.24817518248175183 0.3987836663770634 0.23774765380604798 0.3979148566463944 0.11261730969760167 0.3944396177237185 0.08654848800834203 0.3979148566463944 0.08029197080291971 0.4039965247610773 0.08029197080291971 0.524761077324066 0.08446298227320126 0.5360556038227627
1 0.10948905109489052 0.5395308427454387 0.7090719499478624 0.6055603822762815 0.7413972888425443 0.6072980017376194 0.748696558915537 0.6020851433536055 0.7507820646506778 0.5621198957428323 0.748696558915537 0.5569070373588184 0.7424400417101147 0.5551694178974804 0.4848800834202294 0.5386620330147698 0.11261730969760167 0.5082536924413553 0.10531803962460896 0.5099913119026933 0.10948905109489052 0.5395308427454387
3 0.8488008342022941 0.6099044309296264 0.8519290928050053 0.6133796698523023 0.8550573514077164 0.5933970460469157 0.8415015641293013 0.5994787141615986 0.8415015641293013 0.6107732406602954 0.8488008342022941 0.6099044309296264
3 0.4734098018769552 0.5994787141615986 0.47549530761209596 0.58123370981755 0.4608967674661105 0.579496090356212 0.4629822732012513 0.5994787141615986 0.4734098018769552 0.5994787141615986
3 0.14389989572471323 0.58123370981755 0.15119916579770595 0.58123370981755 0.1543274244004171 0.577758470894874 0.1553701772679875 0.5464813205907906 0.1397288842544317 0.5438748913987836 0.14077163712200208 0.577758470894874 0.14389989572471323 0.58123370981755
3 0.7497393117831074 0.6620330147697654 0.7580813347236706 0.6646394439617723 0.7664233576642336 0.6611642050390965 0.7695516162669448 0.6159860990443092 0.7466110531803962 0.6107732406602954 0.7476538060479666 0.6576889661164205 0.7497393117831074 0.6620330147697654
10 0 0.999131190269331 0.9989572471324296 0.999131190269331 0.9989572471324296 0 0 0 0 0.999131190269331
