0 0.2898852971845673 0.4569939183318853 0.33576642335766427 0.4569939183318853 0.4337851929092805 0.4674196350999131 0.456725755995829 0.4665508253692441 0.46506777893639206 0.46307558644656815 0.46923879040667366 0.4561251086012163 0.4723670490093848 0.42311033883579496 0.48383733055265904 0.4048653344917463 0.4880083420229406 0.35621198957428324 0.48175182481751827 0.3518679409209383 0.45881126173096975 0.3518679409209383 0.3169968717413973 0.3614248479582971 0.30656934306569344 0.37011294526498695 0.2857142857142857 0.43788010425716767 0.2846715328467153 0.4517810599478714 0.2898852971845673 0.4569939183318853
0 0.49009384775808135 0.46307558644656815 0.6371220020855057 0.4665508253692441 0.6402502606882169 0.4083405734144222 0.6465067778936392 0.3953084274543875 0.6548488008342023 0.39009556907037357 0.6684045881126174 0.3883579496090356 0.7570385818561002 0.38662033014769764 0.7612095933263817 0.38053866203301473 0.7601668404588113 0.35534317984361424 0.7643378519290929 0.33796698523023455 0.7549530761209593 0.3301476976542137 0.735140771637122 0.3301476976542137 0.6527632950990615 0.33362293657688963 0.5192909280500522 0.3457862728062554 0.5078206465067779 0.3579496090356212 0.49113660062565173 0.4248479582971329 0.4859228362877998 0.4596003475238922 0.49009384775808135 0.46307558644656815
5 0.1178310740354536 0.5108601216333623 0.1261730969760167 0.5152041702867072 0.1261730969760167 0.5195482189400521 0.15849843587069865 0.526498696785404 0.205422314911366 0.5282363162467419 0.2575599582898853 0.5377932232841007 0.34515119916579773 0.5438748913987836 0.6277372262773723 0.578627280625543 0.6371220020855057 0.578627280625543 0.6412930135557873 0.575152041702867 0.6423357664233577 0.523892267593397 0.6371220020855057 0.46915725456125107 0.47549530761209596 0.4665508253692441 0.43065693430656937 0.470894874022589 0.3910323253388947 0.46307558644656815 0.3461939520333681 0.4596003475238922 0.2721584984358707 0.45873153779322323 0.17205422314911367 0.46481320590790615 0.13034410844629823 0.472632493483927 0.11887382690302399 0.47871416159860986 0.11470281543274244 0.48566463944396177 0.1178310740354536 0.5108601216333623
2 0.64859228362878 0.578627280625543 0.7257559958289885 0.5890529973935708 0.7549530761209593 0.6012163336229366 0.7580813347236706 0.5951346655082537 0.7883211678832117 0.5916594265855777 0.8759124087591241 0.5612510860121633 0.881126173096976 0.5569070373588184 0.8779979144942649 0.5508253692441355 0.8821689259645464 0.5482189400521286 0.9040667361835245 0.5421372719374457 0.9071949947862357 0.5447437011294526 0.9155370177267987 0.5377932232841007 0.9186652763295099 0.43179843614248475 0.9176225234619395 0.4074717636837532 0.9103232533889468 0.3970460469157254 0.8915537017726799 0.3935708079930495 0.7924921793534933 0.3892267593397046 0.667361835245047 0.39096437880104257 0.64859228362878 0.3979148566463944 0.643378519290928 0.41789748045178104 0.6454640250260688 0.5742832319721981 0.64859228362878 0.578627280625543
3 0.1261730969760167 0.576889661164205 0.1334723670490094 0.5742832319721981 0.13555787278415016 0.5325803649000869 0.11470281543274244 0.5299739357080799 0.1178310740354536 0.575152041702867 0.1261730969760167 0.576889661164205
3 0.8342022940563086 0.6003475238922675 0.835245046923879 0.5803649000868809 0.8237747653806048 0.58123370981755 0.8227320125130344 0.5994787141615986 0.8342022940563086 0.6003475238922675
4 0.08446298227320126 0.5178105994787141 0.11261730969760167 0.5178105994787141 0.11574556830031282 0.5152041702867072 0.11366006256517205 0.48566463944396177 0.11678832116788321 0.47958297132927885 0.12930135557872785 0.471763683753258 0.1845672575599583 0.4613379669852302 0.27632950990615224 0.4569939183318853 0.2898852971845673 0.40660295395308427 0.10010427528675704 0.40573414422241527 0.08759124087591241 0.4083405734144222 0.08237747653806048 0.41789748045178104 0.08237747653806048 0.5134665508253692 0.08446298227320126 0.5178105994787141
3 0.6235662148070907 0.5994787141615986 0.6319082377476538 0.6116420503909643 0.6339937434827946 0.6681146828844483 0.6392075078206465 0.6707211120764552 0.6496350364963503 0.6689834926151172 0.6548488008342023 0.6646394439617723 0.6527632950990615 0.6072980017376194 0.6757038581856101 0.6020851433536055 0.6183524504692388 0.5933970460469157 0.6100104275286757 0.5951346655082537 0.6235662148070907 0.5994787141615986
1 0.13660062565172054 0.5334491746307558 0.6308654848800834 0.5942658557775847 0.7340980187695516 0.6107732406602954 0.7789363920750783 0.5986099044309295 0.9144942648592284 0.5499565595134666 0.9144942648592284 0.5430060816681147 0.9040667361835245 0.5473501303214595 0.8957247132429614 0.5456125108601216 0.872784150156413 0.5499565595134666 0.8633993743482795 0.5560382276281494 0.8289885297184567 0.5629887054735012 0.7935349322210636 0.575152041702867 0.7841501564129302 0.5829713292788878 0.7361835245046924 0.5916594265855777 0.6527632950990615 0.5829713292788878 0.6371220020855057 0.576889661164205 0.580813347236705 0.5742832319721981 0.5286757038581856 0.5673327541268461 0.5255474452554745 0.5638575152041703 0.41397288842544316 0.5551694178974804 0.39416058394160586 0.5499565595134666 0.3149113660062565 0.5421372719374457 0.278415015641293 0.5412684622067767 0.2638164754953076 0.5360556038227627 0.1991657977059437 0.5291051259774109 0.19395203336809178 0.5317115551694178 0.15954118873826903 0.5291051259774109 0.15119916579770595 0.525629887054735 0.15119916579770595 0.522154648132059 0.12095933263816476 0.522154648132059 0.13660062565172054 0.5334491746307558
10 0 0.999131190269331 0.9989572471324296 0.999131190269331 0.9989572471324296 0 0 0 0 0.999131190269331
