0 0.3180396246089677 0.46307558644656815 0.6892596454640251 0.47523892267593393 0.7132429614181439 0.38053866203301473 0.735140771637122 0.3344917463075586 0.7111574556830031 0.33362293657688963 0.5912408759124088 0.34404865334491747 0.5526590198123045 0.35534317984361424 0.5213764337851929 0.34926151172893133 0.5005213764337852 0.34926151172893133 0.44004171011470283 0.3579496090356212 0.3931178310740355 0.3605560382276281 0.3555787278415016 0.36750651607298 0.3388946819603754 0.37532580364900087 0.33263816475495306 0.38401390095569066 0.3159541188738269 0.43788010425716767 0.3149113660062565 0.4596003475238922 0.3180396246089677 0.46307558644656815
5 0.09384775808133472 0.5325803649000869 0.11261730969760167 0.5360556038227627 0.2857142857142857 0.5447437011294526 0.30552659019812306 0.5412684622067767 0.3096976016684046 0.5369244135534318 0.3180396246089677 0.5412684622067767 0.37643378519290926 0.5473501303214595 0.6454640250260688 0.5586446568201564 0.7413972888425443 0.5543006081668115 0.7476538060479666 0.5377932232841007 0.7497393117831074 0.5099913119026933 0.7476538060479666 0.5013032145960035 0.6882168925964547 0.4778453518679409 0.616266944734098 0.471763683753258 0.5265901981230449 0.46915725456125107 0.38686131386861317 0.470894874022589 0.3315954118873827 0.4769765421372719 0.27632950990615224 0.473501303214596 0.15119916579770595 0.4761077324066029 0.0959332638164755 0.4874022589052997 0.08342022940563087 0.4986967854039965 0.08446298227320126 0.526498696785404 0.09384775808133472 0.5325803649000869
1 0.09489051094890512 0.5560382276281494 0.1334723670490094 0.5551694178974804 0.14702815432742442 0.5612510860121633 0.16058394160583941 0.5595134665508253 0.1710114702815433 0.5638575152041703 0.191866527632951 0.5612510860121633 0.19499478623566216 0.5647263249348392 0.2137643378519291 0.5673327541268461 0.47653806047966635 0.5855777584708949 0.6590198123044838 0.5907906168549087 0.6798748696558916 0.5838401390095569 0.6934306569343066 0.5916594265855777 0.7090719499478624 0.5916594265855777 0.7466110531803962 0.5864465682015638 0.7507820646506778 0.5742832319721981 0.7497393117831074 0.5612510860121633 0.7413972888425443 0.5569070373588184 0.6120959332638165 0.5586446568201564 0.5234619395203337 0.5560382276281494 0.3461939520333681 0.5464813205907906 0.3180396246089677 0.5421372719374457 0.2659019812304484 0.5456125108601216 0.10531803962460896 0.5351867940920938 0.08759124087591241 0.5369244135534318 0.08759124087591241 0.5525629887054735 0.09489051094890512 0.5560382276281494
2 0.7507820646506778 0.4995655951346655 0.7507820646506778 0.5325803649000869 0.7466110531803962 0.5508253692441355 0.7528675703858185 0.5664639443961772 0.7518248175182481 0.5838401390095569 0.7924921793534933 0.58123370981755 0.8373305526590198 0.5716768027801911 0.9103232533889468 0.5638575152041703 0.9155370177267987 0.5386620330147698 0.9176225234619395 0.44830582102519545 0.9176225234619395 0.36750651607298 0.913451511991658 0.3518679409209383 0.8842544316996872 0.3414422241529105 0.7841501564129302 0.31711555169417893 0.7559958289885297 0.3205907906168549 0.7372262773722628 0.33883579496090355 0.7163712200208551 0.3796698523023458 0.7028154327424401 0.42745438748913983 0.7028154327424401 0.46307558644656815 0.6955161626694474 0.4665508253692441 0.6955161626694474 0.47523892267593393 0.7507820646506778 0.4995655951346655
4 0.30761209593326383 0.472632493483927 0.310740354535975 0.470894874022589 0.31282586027111575 0.44309296264118153 0.32429614181439 0.39617723718505643 0.3180396246089677 0.3927019982623805 0.26173096976016685 0.38748913987836664 0.15954118873826903 0.3831450912250217 0.14389989572471323 0.3918331885317115 0.13660062565172054 0.40312771503040834 0.13034410844629823 0.4456993918331885 0.13034410844629823 0.4761077324066029 0.30761209593326383 0.472632493483927
3 0.3472367049009385 0.5933970460469157 0.35036496350364965 0.5916594265855777 0.35036496350364965 0.577758470894874 0.3399374348279458 0.577758470894874 0.3388946819603754 0.5925282363162467 0.3472367049009385 0.5933970460469157
3 0.1105318039624609 0.6142484795829712 0.1178310740354536 0.6116420503909643 0.11887382690302399 0.5742832319721981 0.1392075078206465 0.5655951346655083 0.17831074035453598 0.5647263249348392 0.12304483837330553 0.5586446568201564 0.10427528675703858 0.5603822762814943 0.1032325338894682 0.6125108601216334 0.1105318039624609 0.6142484795829712
3 0.8654848800834203 0.5803649000868809 0.867570385818561 0.6333622936576889 0.8832116788321168 0.6359687228496959 0.8832116788321168 0.5699391833188532 0.8488008342022941 0.573414422241529 0.821689259645464 0.577758470894874 0.8654848800834203 0.5803649000868809
3 0.6684045881126174 0.6046915725456125 0.6715328467153285 0.6125108601216334 0.6757038581856101 0.680278019113814 0.6788321167883212 0.68375325803649 0.694473409801877 0.68375325803649 0.6965589155370178 0.6655082536924413 0.6913451511991658 0.5960034752389226 0.6892596454640251 0.5933970460469157 0.6506777893639207 0.5933970460469157 0.6517205422314911 0.5986099044309295 0.6684045881126174 0.6046915725456125
10 0 0.999131190269331 0.9989572471324296 0.999131190269331 0.9989572471324296 0 0 0 0 0.999131190269331
