0 0.2596454640250261 0.4665508253692441 0.42231491136600624 0.47437011294526493 0.5005213764337852 0.4839270199826238 0.5557872784150156 0.47871416159860986 0.607924921793535 0.47958297132927885 0.748696558915537 0.4917463075586446 0.7549530761209593 0.4761077324066029 0.7653806047966633 0.41876629018245004 0.7831074035453598 0.3761946133796698 0.808133472367049 0.35534317984361424 0.8623566214807091 0.33709817549956556 0.8696558915537018 0.33883579496090355 0.8717413972888426 0.3344917463075586 0.8175182481751825 0.32754126846220677 0.7570385818561002 0.3292788879235447 0.7309697601668405 0.3249348392701998 0.6850886339937435 0.3258036490008688 0.6746611053180397 0.32319721980886185 0.5651720542231491 0.32145960034752386 0.5589155370177268 0.32406602953953084 0.5526590198123045 0.3205907906168549 0.4494264859228363 0.31711555169417893 0.2711157455683003 0.31624674196351 0.264859228362878 0.31711555169417893 0.26277372262773724 0.3249348392701998 0.2586027111574557 0.3266724587315378 0.25443169968717416 0.36750651607298 0.2523461939520334 0.46307558644656815 0.2596454640250261 0.4665508253692441
2 0.759124087591241 0.5534317984361424 0.7580813347236706 0.5986099044309295 0.7643378519290929 0.6029539530842745 0.7935349322210636 0.5968722849695917 0.8070907194994786 0.6012163336229366 0.8070907194994786 0.6264118158123371 0.8112617309697602 0.6281494352736751 0.8123044838373306 0.5881841876629018 0.8550573514077164 0.5629887054735012 0.872784150156413 0.5473501303214595 0.8967674661105318 0.5099913119026933 0.9124087591240876 0.4665508253692441 0.9186652763295099 0.419635099913119 0.9176225234619395 0.3814074717636837 0.9103232533889468 0.35534317984361424 0.8978102189781022 0.33883579496090355 0.8654848800834203 0.33709817549956556 0.8123044838373306 0.35360556038227625 0.7883211678832117 0.37098175499565594 0.772679874869656 0.40225890529973934 0.7518248175182481 0.49522154648132055 0.748696558915537 0.522154648132059 0.759124087591241 0.5534317984361424
4 0.08759124087591241 0.4865334491746307 0.10218978102189781 0.5299739357080799 0.1178310740354536 0.5516941789748044 0.12304483837330553 0.5534317984361424 0.12304483837330553 0.5291051259774109 0.1178310740354536 0.525629887054735 0.11574556830031282 0.5108601216333623 0.1178310740354536 0.5039096437880104 0.17413972888425444 0.47958297132927885 0.2492179353493222 0.4665508253692441 0.2586027111574557 0.3205907906168549 0.2523461939520334 0.31624674196351 0.23879040667361837 0.31711555169417893 0.10218978102189781 0.33275412684622063 0.09489051094890512 0.33970460469157254 0.08550573514077164 0.3814074717636837 0.08133472367049009 0.4509122502172024 0.08759124087591241 0.4865334491746307
1 0.13555787278415016 0.5569070373588184 0.1261730969760167 0.5603822762814943 0.1397288842544317 0.5655951346655083 0.6663190823774765 0.6020851433536055 0.7174139728884255 0.6038227628149435 0.7528675703858185 0.5986099044309295 0.7497393117831074 0.5960034752389226 0.7549530761209593 0.5690703735881841 0.7559958289885297 0.5499565595134666 0.7528675703858185 0.5482189400521286 0.6955161626694474 0.5464813205907906 0.6715328467153285 0.5395308427454387 0.6412930135557873 0.5395308427454387 0.5912408759124088 0.5325803649000869 0.5015641293013556 0.5308427454387489 0.4921793534932221 0.527367506516073 0.4786235662148071 0.5299739357080799 0.37400104275286755 0.524761077324066 0.3555787278415016 0.520417028670721 0.3399374348279458 0.522154648132059 0.32429614181439 0.5178105994787141 0.2575599582898853 0.5169417897480452 0.24087591240875914 0.5099913119026933 0.17831074035453598 0.5073848827106864 0.1251303441084463 0.5099913119026933 0.12304483837330553 0.522154648132059 0.13555787278415016 0.5569070373588184
5 0.1397288842544317 0.5125977410947002 0.20855057351407716 0.5125977410947002 0.3315954118873827 0.5230234578627281 0.6266944734098019 0.5377932232841007 0.7226277372262774 0.5490877497827975 0.7413972888425443 0.5482189400521286 0.748696558915537 0.5447437011294526 0.7476538060479666 0.5291051259774109 0.7424400417101147 0.5230234578627281 0.7476538060479666 0.4995655951346655 0.7424400417101147 0.49435273675065156 0.6517205422314911 0.4839270199826238 0.580813347236705 0.48045178105994785 0.49739311783107404 0.4865334491746307 0.4723670490093848 0.48045178105994785 0.43274244004171014 0.4769765421372719 0.26173096976016685 0.46915725456125107 0.18039624608967675 0.48045178105994785 0.1261730969760167 0.5030408340573415 0.12721584984358708 0.522154648132059 0.1397288842544317 0.5125977410947002
3 0.29301355578727845 0.5942658557775847 0.29822732012513037 0.5925282363162467 0.29718456725756 0.577758470894874 0.2898852971845673 0.577758470894874 0.29301355578727845 0.5942658557775847
3 0.8091762252346194 0.6203301476976542 0.8133472367049009 0.6177237185056472 0.8143899895724713 0.5951346655082537 0.8102189781021898 0.5916594265855777 0.8060479666319083 0.5951346655082537 0.8091762252346194 0.6203301476976542
3 0.1710114702815433 0.6411815812337098 0.17518248175182483 0.6377063423110338 0.1762252346193952 0.5699391833188532 0.16266944734098018 0.5690703735881841 0.16579770594369134 0.6368375325803649 0.1710114702815433 0.6411815812337098
3 0.7330552659019812 0.6854908774978279 0.7372262773722628 0.6611642050390965 0.7361835245046924 0.6072980017376194 0.721584984358707 0.6055603822762815 0.7257559958289885 0.681146828844483 0.7330552659019812 0.6854908774978279
10 0 0.999131190269331 0.9989572471324296 0.999131190269331 0.9989572471324296 0 0 0 0 0.999131190269331
