0 0.3295099061522419 0.4422241529105126 0.3482794577685089 0.4596003475238922 0.4713242961418144 0.4665508253692441 0.5151199165797706 0.472632493483927 0.5380604796663191 0.4665508253692441 0.6454640250260688 0.46915725456125107 0.667361835245047 0.45438748913987836 0.7257559958289885 0.43266724587315375 0.7831074035453598 0.4239791485664639 0.8310740354535975 0.4248479582971329 0.8435870698644421 0.3614248479582971 0.8383733055265902 0.35534317984361424 0.8258602711157456 0.35360556038227625 0.6538060479666319 0.35273675065160726 0.31282586027111575 0.3414422241529105 0.3034410844629823 0.3475238922675934 0.29405630865484883 0.3970460469157254 0.29301355578727845 0.420503909643788 0.3295099061522419 0.4422241529105126
5 0.16788321167883213 0.5160729800173761 0.18769551616266944 0.523892267593397 0.3931178310740355 0.5360556038227627 0.42440041710114706 0.5334491746307558 0.4358706986444213 0.527367506516073 0.4473409801876955 0.5343179843614249 0.4807090719499479 0.5395308427454387 0.570385818561001 0.5430060816681147 0.6496350364963503 0.5508253692441355 0.7101147028154328 0.5499565595134666 0.7205422314911366 0.5430060816681147 0.7267987486965589 0.5291051259774109 0.7226277372262774 0.5230234578627281 0.7267987486965589 0.5152041702867072 0.721584984358707 0.5117289313640313 0.7205422314911366 0.5004344048653344 0.6538060479666319 0.49435273675065156 0.6423357664233577 0.4891398783666377 0.629822732012513 0.472632493483927 0.6120959332638165 0.47002606429192006 0.556830031282586 0.47002606429192006 0.49635036496350365 0.4761077324066029 0.46611053180396245 0.46915725456125107 0.3420229405630866 0.4622067767158992 0.2533889468196038 0.472632493483927 0.21584984358706988 0.48479582971329277 0.1845672575599583 0.48566463944396177 0.16788321167883213 0.4934839270199826 0.16475495307612095 0.5013032145960035 0.16371220020855057 0.5117289313640313 0.16788321167883213 0.5160729800173761
1 0.1480709071949948 0.5638575152041703 0.721584984358707 0.5986099044309295 0.7226277372262774 0.5603822762814943 0.7194994786235662 0.5551694178974804 0.7101147028154328 0.5534317984361424 0.6642335766423357 0.5534317984361424 0.49635036496350365 0.5430060816681147 0.44004171011470283 0.5334491746307558 0.38164754953076124 0.5369244135534318 0.25443169968717416 0.5282363162467419 0.1710114702815433 0.526498696785404 0.15745568300312826 0.5282363162467419 0.15328467153284672 0.5351867940920938 0.15641293013555788 0.5560382276281494 0.1480709071949948 0.5638575152041703
2 0.7320125130344108 0.6020851433536055 0.7831074035453598 0.6072980017376194 0.8008342022940563 0.6072980017376194 0.9071949947862357 0.5664639443961772 0.9144942648592284 0.5586446568201564 0.9155370177267987 0.5447437011294526 0.9176225234619395 0.471763683753258 0.9144942648592284 0.4613379669852302 0.894681960375391 0.45873153779322323 0.8654848800834203 0.46307558644656815 0.8237747653806048 0.4778453518679409 0.7820646506777894 0.4830582102519548 0.7330552659019812 0.49435273675065156 0.7267987486965589 0.5490877497827975 0.7257559958289885 0.5986099044309295 0.7320125130344108 0.6020851433536055
4 0.09801876955161627 0.5621198957428323 0.1543274244004171 0.5638575152041703 0.18143899895724713 0.48045178105994785 0.12304483837330553 0.4517810599478714 0.09489051094890512 0.4552562988705473 0.08967674661105318 0.4596003475238922 0.09384775808133472 0.5595134665508253 0.09801876955161627 0.5621198957428323
3 0.29927007299270075 0.577758470894874 0.30031282586027114 0.573414422241529 0.29301355578727845 0.5725456125108601 0.29197080291970806 0.577758470894874 0.29927007299270075 0.577758470894874
3 0.8706986444212722 0.6168549087749783 0.872784150156413 0.5829713292788878 0.8633993743482795 0.5864465682015638 0.8623566214807091 0.6159860990443092 0.8706986444212722 0.6168549087749783
3 0.14181438998957246 0.6133796698523023 0.14702815432742442 0.6099044309296264 0.14598540145985403 0.5655951346655083 0.13660062565172054 0.5655951346655083 0.13660062565172054 0.6116420503909643 0.14181438998957246 0.6133796698523023
3 0.7705943691345152 0.6594265855777585 0.7737226277372263 0.6090356211989574 0.7632950990615225 0.6064291920069504 0.7612095933263817 0.6576889661164205 0.7705943691345152 0.6594265855777585
10 0 0.999131190269331 0.9989572471324296 0.999131190269331 0.9989572471324296 0 0 0 0 0.999131190269331
