0 0.25443169968717416 0.4048653344917463 0.264859228362878 0.3918331885317115 0.32012513034410844 0.3987836663770634 0.3988529718456726 0.3987836663770634 0.40771637122002086 0.40660295395308427 0.40250260688216893 0.4578627280625543 0.4035453597497393 0.4622067767158992 0.4098018769551616 0.46394439617723715 0.42231491136600624 0.46307558644656815 0.42648592283628783 0.4561251086012163 0.4348279457768509 0.41789748045178104 0.59436913451512 0.4248479582971329 0.5901981230448384 0.47002606429192006 0.602711157455683 0.470894874022589 0.6183524504692388 0.41615986099044305 0.6287799791449427 0.4092093831450912 0.6986444212721585 0.41615986099044305 0.7747653806047967 0.4152910512597741 0.7924921793534933 0.420503909643788 0.7987486965589156 0.41615986099044305 0.8446298227320125 0.41789748045178104 0.8602711157455684 0.4144222415291051 0.859228362877998 0.38662033014769764 0.8644421272158499 0.3796698523023458 0.8271345151199165 0.3796698523023458 0.7320125130344108 0.37185056472632494 0.6694473409801878 0.365768896611642 0.6496350364963503 0.35881841876629017 0.570385818561001 0.3631624674196351 0.502606882168926 0.3605560382276281 0.44629822732012514 0.3509991311902693 0.39369760166840456 0.35534317984361424 0.30761209593326383 0.35447437011294525 0.26173096976016685 0.3475238922675934 0.2523461939520334 0.3475238922675934 0.2502606882168926 0.3509991311902693 0.24608967674661106 0.38748913987836664 0.25443169968717416 0.4048653344917463
4 0.08759124087591241 0.5403996524761077 0.0959332638164755 0.5395308427454387 0.10114702815432743 0.5160729800173761 0.10948905109489052 0.5091225021720243 0.10427528675703858 0.47958297132927885 0.12930135557872785 0.472632493483927 0.14077163712200208 0.4778453518679409 0.1762252346193952 0.4674196350999131 0.2492179353493222 0.4561251086012163 0.251303441084463 0.4135534317984361 0.2440041710114703 0.3970460469157254 0.23774765380604798 0.3927019982623805 0.08967674661105318 0.4039965247610773 0.08446298227320126 0.4074717636837532 0.08237747653806048 0.4152910512597741 0.08133472367049009 0.46568201563857514 0.08759124087591241 0.5403996524761077
3 0.7476538060479666 0.6020851433536055 0.7956204379562044 0.6168549087749783 0.799791449426486 0.6264118158123371 0.799791449426486 0.6507384882710686 0.8123044838373306 0.6507384882710686 0.8164754953076121 0.5673327541268461 0.8123044838373306 0.5447437011294526 0.8070907194994786 0.5534317984361424 0.8070907194994786 0.5873153779322328 0.7987486965589156 0.5977410947002606 0.7799791449426486 0.6012163336229366 0.7403545359749739 0.5960034752389226 0.7393117831074035 0.5986099044309295 0.7476538060479666 0.6020851433536055
2 0.7695516162669448 0.58123370981755 0.7466110531803962 0.5916594265855777 0.7924921793534933 0.5977410947002606 0.8154327424400417 0.5838401390095569 0.8237747653806048 0.5838401390095569 0.8602711157455684 0.5682015638575152 0.8852971845672576 0.573414422241529 0.8842544316996872 0.6055603822762815 0.8936392075078207 0.6064291920069504 0.8936392075078207 0.5560382276281494 0.8967674661105318 0.5508253692441355 0.9071949947862357 0.5499565595134666 0.9071949947862357 0.5421372719374457 0.899895724713243 0.5369244135534318 0.8988529718456726 0.5178105994787141 0.9071949947862357 0.47958297132927885 0.9071949947862357 0.4596003475238922 0.9030239833159541 0.43874891398783666 0.8925964546402503 0.41702867072111205 0.8821689259645464 0.4126846220677671 0.8185610010427529 0.4283231972198088 0.7820646506777894 0.43353605560382275 0.7695516162669448 0.44917463075586445 0.7664233576642336 0.48045178105994785 0.7695516162669448 0.58123370981755
5 0.11887382690302399 0.5125977410947002 0.3920750782064651 0.5334491746307558 0.41605839416058393 0.5308427454387489 0.4734098018769552 0.5386620330147698 0.502606882168926 0.5386620330147698 0.7445255474452555 0.5603822762814943 0.7549530761209593 0.5586446568201564 0.7632950990615225 0.5508253692441355 0.7622523461939521 0.5282363162467419 0.7528675703858185 0.526498696785404 0.7476538060479666 0.5212858384013901 0.7361835245046924 0.524761077324066 0.7330552659019812 0.5212858384013901 0.7101147028154328 0.5169417897480452 0.7059436913451512 0.4874022589052997 0.6788321167883212 0.4839270199826238 0.5192909280500522 0.47871416159860986 0.48175182481751827 0.48479582971329277 0.4734098018769552 0.4830582102519548 0.46715328467153283 0.4769765421372719 0.42127215849843586 0.47002606429192006 0.38060479666319086 0.470894874022589 0.3420229405630866 0.46568201563857514 0.2638164754953076 0.4622067767158992 0.2064650677789364 0.46568201563857514 0.11470281543274244 0.48045178105994785 0.11157455683003129 0.5082536924413553 0.11887382690302399 0.5125977410947002
3 0.886339937434828 0.6012163336229366 0.8915537017726799 0.5803649000868809 0.8852971845672576 0.576889661164205 0.8832116788321168 0.5951346655082537 0.886339937434828 0.6012163336229366
1 0.11157455683003129 0.5403996524761077 0.15328467153284672 0.5412684622067767 0.16892596454640252 0.5482189400521286 0.4807090719499479 0.575152041702867 0.7445255474452555 0.5933970460469157 0.767466110531804 0.5977410947002606 0.7768508863399375 0.5942658557775847 0.7705943691345152 0.5682015638575152 0.7632950990615225 0.5621198957428323 0.5078206465067779 0.5403996524761077 0.2669447340980188 0.525629887054735 0.14702815432742442 0.5160729800173761 0.14389989572471323 0.5134665508253692 0.10948905109489052 0.5160729800173761 0.10636079249217936 0.5230234578627281 0.11157455683003129 0.5403996524761077
3 0.47758081334723673 0.5968722849695917 0.48905109489051096 0.5942658557775847 0.4869655891553702 0.5742832319721981 0.47549530761209596 0.5742832319721981 0.47758081334723673 0.5968722849695917
3 0.8873826903023984 0.5716768027801911 0.8936392075078207 0.578627280625543 0.8967674661105318 0.5212858384013901 0.886339937434828 0.5569070373588184 0.8654848800834203 0.5690703735881841 0.8759124087591241 0.5742832319721981 0.8873826903023984 0.5716768027801911
3 0.1105318039624609 0.5864465682015638 0.1105318039624609 0.5647263249348392 0.12095933263816476 0.5560382276281494 0.15641293013555788 0.5499565595134666 0.14702815432742442 0.5464813205907906 0.10010427528675704 0.5438748913987836 0.10114702815432743 0.5881841876629018 0.1105318039624609 0.5864465682015638
10 0 0.999131190269331 0.9989572471324296 0.999131190269331 0.9989572471324296 0 0 0 0 0.999131190269331
