0 0.2586027111574557 0.46307558644656815 0.2721584984358707 0.46915725456125107 0.33576642335766427 0.47002606429192006 0.4608967674661105 0.47871416159860986 0.4880083420229406 0.4865334491746307 0.5630865484880083 0.48132059079061684 0.6506777893639207 0.48045178105994785 0.6538060479666319 0.4830582102519548 0.7382690302398331 0.4882710686359687 0.7893639207507821 0.49522154648132055 0.7987486965589156 0.47437011294526493 0.8123044838373306 0.45873153779322323 0.8644421272158499 0.4370112945264987 0.8957247132429614 0.43353605560382275 0.9009384775808134 0.4248479582971329 0.9019812304483837 0.4083405734144222 0.9113660062565172 0.4074717636837532 0.9165797705943691 0.3518679409209383 0.9113660062565172 0.3449174630755864 0.8936392075078207 0.3414422241529105 0.781021897810219 0.33362293657688963 0.44629822732012514 0.32841007819287577 0.3159541188738269 0.3310165073848827 0.29197080291970806 0.3344917463075586 0.2721584984358707 0.3423110338835795 0.25443169968717416 0.3979148566463944 0.2575599582898853 0.4596003475238922 0.2586027111574557 0.46307558644656815
5 0.09801876955161627 0.5464813205907906 0.21584984358706988 0.5603822762814943 0.22314911366006257 0.5543006081668115 0.2586027111574557 0.5560382276281494 0.2669447340980188 0.5577758470894874 0.26903023983315955 0.5655951346655083 0.2773722627737226 0.5577758470894874 0.29197080291970806 0.5577758470894874 0.6454640250260688 0.579496090356212 0.7778936392075079 0.5829713292788878 0.8164754953076121 0.577758470894874 0.8196037539103233 0.5612510860121633 0.8133472367049009 0.5343179843614249 0.7924921793534933 0.5230234578627281 0.7789363920750783 0.5056472632493484 0.7831074035453598 0.5013032145960035 0.7778936392075079 0.5013032145960035 0.7705943691345152 0.49435273675065156 0.6788321167883212 0.48566463944396177 0.5714285714285714 0.4839270199826238 0.4869655891553702 0.4900086880973067 0.4118873826903024 0.4769765421372719 0.25547445255474455 0.471763683753258 0.18873826903023982 0.4769765421372719 0.16684045881126175 0.48045178105994785 0.16475495307612095 0.48479582971329277 0.13764337851929093 0.48566463944396177 0.10636079249217936 0.49435273675065156 0.08446298227320126 0.5047784535186793 0.08654848800834203 0.5369244135534318 0.09801876955161627 0.5464813205907906
3 0.2669447340980188 0.5916594265855777 0.27007299270072993 0.578627280625543 0.2638164754953076 0.577758470894874 0.26277372262773724 0.5890529973935708 0.2669447340980188 0.5916594265855777
3 0.4608967674661105 0.6238053866203301 0.4629822732012513 0.5916594265855777 0.4546402502606882 0.5899218071242398 0.45359749739311783 0.6203301476976542 0.4608967674661105 0.6238053866203301
3 0.8936392075078207 0.5864465682015638 0.8978102189781022 0.6238053866203301 0.9030239833159541 0.627280625543006 0.9009384775808134 0.5847089487402258 0.8967674661105318 0.575152041702867 0.8915537017726799 0.575152041702867 0.8884254431699687 0.577758470894874 0.8936392075078207 0.5864465682015638
3 0.7851929092805006 0.6133796698523023 0.7893639207507821 0.6220677671589921 0.7914494264859229 0.6698523023457862 0.799791449426486 0.6715899218071242 0.7977059436913452 0.6151172893136403 0.7956204379562044 0.6107732406602954 0.7883211678832117 0.6090356211989574 0.7768508863399375 0.6090356211989574 0.7851929092805006 0.6133796698523023
3 0.0886339937434828 0.6229365768896611 0.09384775808133472 0.6194613379669852 0.09801876955161627 0.5742832319721981 0.1386861313868613 0.5708079930495221 0.09384775808133472 0.5664639443961772 0.0886339937434828 0.5725456125108601 0.08654848800834203 0.5890529973935708 0.08446298227320126 0.6194613379669852 0.0886339937434828 0.6229365768896611
4 0.1261730969760167 0.4865334491746307 0.1991657977059437 0.47437011294526493 0.25443169968717416 0.470894874022589 0.26173096976016685 0.4665508253692441 0.2586027111574557 0.43179843614248475 0.2492179353493222 0.41702867072111205 0.14702815432742442 0.4300608166811468 0.132429614181439 0.4352736750651607 0.12304483837330553 0.44830582102519545 0.12304483837330553 0.48479582971329277 0.1261730969760167 0.4865334491746307
2 0.8123044838373306 0.5291051259774109 0.8206465067778936 0.5403996524761077 0.8206465067778936 0.5968722849695917 0.8873826903023984 0.576020851433536 0.9009384775808134 0.5682015638575152 0.9165797705943691 0.3605560382276281 0.9113660062565172 0.3622936576889661 0.9009384775808134 0.42137271937445697 0.8873826903023984 0.43440486533449174 0.8633993743482795 0.4370112945264987 0.8133472367049009 0.45873153779322323 0.799791449426486 0.4769765421372719 0.7935349322210636 0.49435273675065156 0.7935349322210636 0.5186794092093832 0.8123044838373306 0.5291051259774109
10 0 0.999131190269331 0.9989572471324296 0.999131190269331 0.9989572471324296 0 0 0 0 0.999131190269331
