0 0.2805005213764338 0.4439617723718505 0.3983315954118874 0.45004344048653344 0.4556830031282586 0.4578627280625543 0.4994786235662148 0.47002606429192006 0.5724713242961418 0.46394439617723715 0.6173096976016684 0.46481320590790615 0.7612095933263817 0.47871416159860986 0.7632950990615225 0.4100781928757602 0.772679874869656 0.38488271068635965 0.7851929092805006 0.38053866203301473 0.8018769551616267 0.3822762814943527 0.8206465067778936 0.3761946133796698 0.8467153284671534 0.3735881841876629 0.8706986444212722 0.365768896611642 0.859228362877998 0.3605560382276281 0.8206465067778936 0.35881841876629017 0.310740354535975 0.3405734144222415 0.29822732012513037 0.3466550825369244 0.29301355578727845 0.35360556038227625 0.28362877997914493 0.3814074717636837 0.27632950990615224 0.4248479582971329 0.27528675703858185 0.4404865334491746 0.2805005213764338 0.4439617723718505
2 0.7768508863399375 0.5586446568201564 0.7737226277372263 0.6055603822762815 0.7904066736183525 0.6081668114682884 0.886339937434828 0.5742832319721981 0.9009384775808134 0.5673327541268461 0.9103232533889468 0.5569070373588184 0.9144942648592284 0.5386620330147698 0.9144942648592284 0.46915725456125107 0.908237747653806 0.3779322328410078 0.9009384775808134 0.36924413553431795 0.8779979144942649 0.3640312771503041 0.8644421272158499 0.37011294526498695 0.8279457768508863 0.3779322328410078 0.8039624608967675 0.3822762814943527 0.7789363920750783 0.3822762814943527 0.7685088633993744 0.3979148566463944 0.7664233576642336 0.41181581233709813 0.7653806047966633 0.4865334491746307 0.7768508863399375 0.5586446568201564
4 0.09906152241918666 0.5325803649000869 0.10948905109489052 0.5386620330147698 0.11574556830031282 0.5377932232841007 0.11887382690302399 0.5325803649000869 0.10427528675703858 0.4986967854039965 0.1105318039624609 0.48479582971329277 0.12095933263816476 0.47437011294526493 0.14911366006256518 0.4622067767158992 0.19603753910323254 0.4509122502172024 0.23983315954118875 0.4448305821025195 0.26173096976016685 0.4456993918331885 0.27007299270072993 0.4422241529105126 0.27007299270072993 0.4126846220677671 0.27632950990615224 0.4074717636837532 0.28258602711157454 0.3735881841876629 0.29405630865484883 0.34404865334491747 0.22940563086548488 0.34404865334491747 0.0959332638164755 0.3579496090356212 0.09176225234619395 0.37011294526498695 0.09071949947862357 0.5082536924413553 0.09906152241918666 0.5325803649000869
5 0.11678832116788321 0.525629887054735 0.1699687174139729 0.5334491746307558 0.18665276329509906 0.5308427454387489 0.20437956204379562 0.5369244135534318 0.49113660062565173 0.5664639443961772 0.5401459854014599 0.5682015638575152 0.5735140771637122 0.5742832319721981 0.6694473409801878 0.5821025195482189 0.7236704900938478 0.5821025195482189 0.7403545359749739 0.5881841876629018 0.7685088633993744 0.5821025195482189 0.7695516162669448 0.578627280625543 0.7716371220020856 0.5595134665508253 0.7632950990615225 0.5343179843614249 0.7622523461939521 0.4865334491746307 0.7559958289885297 0.48045178105994785 0.7466110531803962 0.47871416159860986 0.6016684045881127 0.4665508253692441 0.556830031282586 0.4665508253692441 0.5046923879040668 0.472632493483927 0.45255474452554745 0.4596003475238922 0.40041710114702816 0.4526498696785404 0.27528675703858185 0.4456993918331885 0.22314911366006257 0.44917463075586445 0.16475495307612095 0.4596003475238922 0.1261730969760167 0.473501303214596 0.11678832116788321 0.48132059079061684 0.1105318039624609 0.49522154648132055 0.10948905109489052 0.5117289313640313 0.11678832116788321 0.525629887054735
3 0.2721584984358707 0.5673327541268461 0.278415015641293 0.5673327541268461 0.28154327424400416 0.5621198957428323 0.27528675703858185 0.5560382276281494 0.2711157455683003 0.5569070373588184 0.2721584984358707 0.5673327541268461
3 0.46715328467153283 0.6185925282363162 0.47028154327424404 0.6159860990443092 0.47028154327424404 0.577758470894874 0.4619395203336809 0.575152041702867 0.4608967674661105 0.6168549087749783 0.46715328467153283 0.6185925282363162
3 0.132429614181439 0.5951346655082537 0.13451511991657977 0.5525629887054735 0.1334723670490094 0.5438748913987836 0.1261730969760167 0.5412684622067767 0.12408759124087591 0.5933970460469157 0.132429614181439 0.5951346655082537
3 0.8717413972888426 0.627280625543006 0.8800834202294057 0.627280625543006 0.8800834202294057 0.5838401390095569 0.8790406673618353 0.5803649000868809 0.8696558915537018 0.5829713292788878 0.8696558915537018 0.6229365768896611 0.8717413972888426 0.627280625543006
3 0.7851929092805006 0.6733275412684622 0.7883211678832117 0.6663770634231103 0.7883211678832117 0.6107732406602954 0.7758081334723671 0.6116420503909643 0.7758081334723671 0.6715899218071242 0.7851929092805006 0.6733275412684622
10 0 0.999131190269331 0.9989572471324296 0.999131190269331 0.9989572471324296 0 0 0 0 0.999131190269331
