0 0.2857142857142857 0.3310165073848827 0.2909280500521377 0.341007819287576 0.29197080291970806 0.35968722849695917 0.29718456725756 0.3631624674196351 0.30656934306569344 0.3918331885317115 0.31178310740354537 0.3953084274543875 0.31386861313868614 0.4152910512597741 0.32012513034410844 0.4248479582971329 0.43899895724713245 0.4352736750651607 0.5172054223149114 0.45004344048653344 0.5359749739311783 0.4448305821025195 0.5391032325338895 0.44917463075586445 0.6725755995828989 0.4561251086012163 0.7007299270072993 0.4083405734144222 0.721584984358707 0.38748913987836664 0.8269030239833159 0.35881841876629017 0.8394160583941606 0.35881841876629017 0.8467153284671534 0.3631624674196351 0.8477580813347237 0.3570807993049522 0.845672575599583 0.3466550825369244 0.8310740354535975 0.33970460469157254 0.8310740354535975 0.33275412684622063 0.772679874869656 0.3344917463075586 0.6746611053180397 0.3310165073848827 0.5745568300312826 0.31798436142484793 0.5641293013555787 0.31711555169417893 0.5610010427528676 0.3197219808861859 0.5516162669447341 0.31624674196351 0.5099061522419187 0.3197219808861859 0.40771637122002086 0.31624674196351 0.40250260688216893 0.3188531711555169 0.3920750782064651 0.313640312771503 0.3743482794577685 0.315377932232841 0.32429614181439 0.30582102519548215 0.3034410844629823 0.3049522154648132 0.3013555787278415 0.30842745438748914 0.2961418143899896 0.3040834057341442 0.28884254431699685 0.30668983492615115 0.29197080291970806 0.3092962641181581 0.28884254431699685 0.313640312771503 0.2794577685088634 0.315377932232841 0.278415015641293 0.32841007819287577 0.2857142857142857 0.3310165073848827
5 0.10740354535974975 0.48566463944396177 0.7247132429614181 0.5534317984361424 0.7476538060479666 0.5543006081668115 0.7549530761209593 0.5516941789748044 0.7570385818561002 0.5464813205907906 0.7559958289885297 0.5152041702867072 0.7518248175182481 0.5152041702867072 0.7476538060479666 0.5082536924413553 0.7288842544316997 0.5073848827106864 0.7236704900938478 0.5099913119026933 0.7194994786235662 0.5073848827106864 0.694473409801877 0.5169417897480452 0.6704900938477582 0.5039096437880104 0.667361835245047 0.48132059079061684 0.6715328467153285 0.46481320590790615 0.6642335766423357 0.45873153779322323 0.5693430656934306 0.4517810599478714 0.5245046923879041 0.4569939183318853 0.4848800834202294 0.4448305821025195 0.4483837330552659 0.43874891398783666 0.3013555787278415 0.4283231972198088 0.20959332638164754 0.43788010425716767 0.1772679874869656 0.4456993918331885 0.15745568300312826 0.4561251086012163 0.14389989572471323 0.4569939183318853 0.12408759124087591 0.44743701129452645 0.09906152241918666 0.4578627280625543 0.09801876955161627 0.48218940052128584 0.10740354535974975 0.48566463944396177
1 0.09489051094890512 0.5360556038227627 0.10114702815432743 0.5377932232841007 0.11678832116788321 0.5369244135534318 0.12200208550573514 0.5412684622067767 0.20437956204379562 0.5525629887054735 0.6777893639207508 0.6125108601216334 0.7069864442127216 0.6142484795829712 0.7163712200208551 0.6081668114682884 0.7142857142857143 0.5977410947002606 0.7205422314911366 0.5951346655082537 0.7226277372262774 0.5881841876629018 0.7320125130344108 0.5890529973935708 0.7403545359749739 0.6142484795829712 0.7476538060479666 0.6194613379669852 0.7580813347236706 0.6177237185056472 0.7580813347236706 0.5664639443961772 0.7549530761209593 0.5569070373588184 0.5672575599582899 0.5351867940920938 0.42231491136600624 0.5230234578627281 0.397288842544317 0.5169417897480452 0.24191866527632952 0.4995655951346655 0.1991657977059437 0.49782797567332754 0.1032325338894682 0.4865334491746307 0.09489051094890512 0.4874022589052997 0.09280500521376434 0.49435273675065156 0.09176225234619395 0.527367506516073 0.09489051094890512 0.5360556038227627
2 0.7632950990615225 0.5299739357080799 0.759124087591241 0.6081668114682884 0.7539103232533889 0.6194613379669852 0.767466110531804 0.6238053866203301 0.7789363920750783 0.6220677671589921 0.859228362877998 0.5708079930495221 0.8779979144942649 0.576020851433536 0.8779979144942649 0.5899218071242398 0.8842544316996872 0.5916594265855777 0.886339937434828 0.5599478714161599 0.8957247132429614 0.5473501303214595 0.913451511991658 0.5369244135534318 0.9186652763295099 0.5299739357080799 0.9186652763295099 0.3831450912250217 0.9155370177267987 0.3761946133796698 0.894681960375391 0.3788010425716768 0.7758081334723671 0.4291920069504778 0.7664233576642336 0.43788010425716767 0.7601668404588113 0.4665508253692441 0.7632950990615225 0.472632493483927 0.7632950990615225 0.5299739357080799
4 0.08550573514077164 0.5369244135534318 0.09176225234619395 0.5325803649000869 0.09280500521376434 0.4622067767158992 0.11261730969760167 0.44830582102519545 0.12408759124087591 0.4456993918331885 0.1261730969760167 0.4361424847958297 0.10636079249217936 0.3788010425716768 0.09176225234619395 0.3788010425716768 0.08133472367049009 0.38401390095569066 0.08029197080291971 0.5291051259774109 0.08550573514077164 0.5369244135534318
3 0.8790406673618353 0.5925282363162467 0.8842544316996872 0.5925282363162467 0.886339937434828 0.5569070373588184 0.8779979144942649 0.5603822762814943 0.8769551616266945 0.5881841876629018 0.8790406673618353 0.5925282363162467
3 0.3962460896767466 0.6029539530842745 0.40145985401459855 0.5951346655082537 0.40041710114702816 0.577758470894874 0.38790406673618355 0.575152041702867 0.38686131386861317 0.5986099044309295 0.3962460896767466 0.6029539530842745
3 0.11574556830031282 0.6055603822762815 0.1178310740354536 0.5430060816681147 0.11261730969760167 0.522154648132059 0.10427528675703858 0.524761077324066 0.10636079249217936 0.6029539530842745 0.11574556830031282 0.6055603822762815
3 0.7309697601668405 0.6985230234578627 0.7361835245046924 0.6889661164205039 0.735140771637122 0.6020851433536055 0.7309697601668405 0.5968722849695917 0.7205422314911366 0.5994787141615986 0.7226277372262774 0.6959165942658557 0.7309697601668405 0.6985230234578627
10 0 0.999131190269331 0.9989572471324296 0.999131190269331 0.9989572471324296 0 0 0 0 0.999131190269331
