0 0.14911366006256518 0.4674196350999131 0.1553701772679875 0.47523892267593393 0.1710114702815433 0.48045178105994785 0.20125130344108447 0.470894874022589 0.2502606882168926 0.4682884448305821 0.3086548488008342 0.4674196350999131 0.39416058394160586 0.473501303214596 0.6120959332638165 0.471763683753258 0.6246089676746611 0.41615986099044305 0.6412930135557873 0.36924413553431795 0.47028154327424404 0.36924413553431795 0.3232533889468196 0.37532580364900087 0.29822732012513037 0.3796698523023458 0.28362877997914493 0.3770634231103388 0.27632950990615224 0.37098175499565594 0.14181438998957246 0.36837532580364896 0.1251303441084463 0.3735881841876629 0.12408759124087591 0.38053866203301473 0.14911366006256518 0.4674196350999131
2 0.6715328467153285 0.5534317984361424 0.6757038581856101 0.5569070373588184 0.6652763295099061 0.5708079930495221 0.6642335766423357 0.5933970460469157 0.7049009384775808 0.5977410947002606 0.7737226277372263 0.5968722849695917 0.9103232533889468 0.5716768027801911 0.9144942648592284 0.5586446568201564 0.9165797705943691 0.5108601216333623 0.9176225234619395 0.43179843614248475 0.9144942648592284 0.4126846220677671 0.9019812304483837 0.40573414422241527 0.8112617309697602 0.39965247610773236 0.7226277372262774 0.39965247610773236 0.6986444212721585 0.4039965247610773 0.6840458811261731 0.419635099913119 0.6715328467153285 0.4900086880973067 0.6684045881126174 0.5377932232841007 0.6715328467153285 0.5534317984361424
4 0.08446298227320126 0.5577758470894874 0.10114702815432743 0.5629887054735012 0.12304483837330553 0.5612510860121633 0.1261730969760167 0.5586446568201564 0.1261730969760167 0.523892267593397 0.1386861313868613 0.5152041702867072 0.13660062565172054 0.4882710686359687 0.14911366006256518 0.4769765421372719 0.13660062565172054 0.4239791485664639 0.13034410844629823 0.4092093831450912 0.12408759124087591 0.40660295395308427 0.09801876955161627 0.4074717636837532 0.0886339937434828 0.4100781928757602 0.08133472367049009 0.41702867072111205 0.08342022940563087 0.5543006081668115 0.08446298227320126 0.5577758470894874
1 0.1178310740354536 0.5560382276281494 0.1105318039624609 0.5560382276281494 0.11470281543274244 0.5603822762814943 0.6840458811261731 0.5968722849695917 0.7340980187695516 0.5977410947002606 0.7424400417101147 0.5951346655082537 0.735140771637122 0.5755864465682016 0.7320125130344108 0.5421372719374457 0.6757038581856101 0.5464813205907906 0.6642335766423357 0.5360556038227627 0.1543274244004171 0.5152041702867072 0.12825860271115747 0.522154648132059 0.12721584984358708 0.5438748913987836 0.1178310740354536 0.5560382276281494
5 0.14702815432742442 0.5143353605560382 0.6392075078206465 0.5351867940920938 0.6663190823774765 0.5334491746307558 0.6694473409801878 0.5065160729800173 0.6694473409801878 0.48566463944396177 0.6663190823774765 0.4830582102519548 0.6256517205422315 0.48566463944396177 0.6068821689259646 0.472632493483927 0.4421272158498436 0.47523892267593393 0.33263816475495306 0.46915725456125107 0.2064650677789364 0.470894874022589 0.18978102189781024 0.472632493483927 0.16892596454640252 0.48132059079061684 0.15015641293013557 0.47871416159860986 0.1386861313868613 0.4874022589052997 0.1386861313868613 0.5082536924413553 0.14702815432742442 0.5143353605560382
3 0.29197080291970806 0.58123370981755 0.29301355578727845 0.5742832319721981 0.2846715328467153 0.573414422241529 0.28362877997914493 0.579496090356212 0.29197080291970806 0.58123370981755
3 0.09906152241918666 0.6012163336229366 0.1032325338894682 0.5682015638575152 0.11678832116788321 0.5638575152041703 0.09384775808133472 0.5621198957428323 0.09384775808133472 0.5994787141615986 0.09906152241918666 0.6012163336229366
3 0.9009384775808134 0.6211989574283232 0.9051094890510949 0.6194613379669852 0.9051094890510949 0.576020851433536 0.8884254431699687 0.576889661164205 0.8988529718456726 0.6012163336229366 0.9009384775808134 0.6211989574283232
3 0.456725755995829 0.5962927888792354 0.45881126173096975 0.6099044309296264 0.46819603753910327 0.6125108601216334 0.4734098018769552 0.6064291920069504 0.4734098018769552 0.5855777584708949 0.45776850886339937 0.5829713292788878 0.4483837330552659 0.5855777584708949 0.456725755995829 0.5962927888792354
3 0.7403545359749739 0.6142484795829712 0.7445255474452555 0.6498696785403996 0.7518248175182481 0.6524761077324066 0.7549530761209593 0.6177237185056472 0.7716371220020856 0.5986099044309295 0.7174139728884255 0.6012163336229366 0.7320125130344108 0.6064291920069504 0.7403545359749739 0.6142484795829712
10 0 0.999131190269331 0.9989572471324296 0.999131190269331 0.9989572471324296 0 0 0 0 0.999131190269331
