0 0.3023983315954119 0.41702867072111205 0.3086548488008342 0.43353605560382275 0.30656934306569344 0.46481320590790615 0.4734098018769552 0.472632493483927 0.5119916579770595 0.472632493483927 0.5213764337851929 0.46915725456125107 0.529718456725756 0.47437011294526493 0.5839416058394161 0.47523892267593393 0.6371220020855057 0.47523892267593393 0.6475495307612096 0.470894874022589 0.6454640250260688 0.44743701129452645 0.64859228362878 0.4396177237185056 0.6656235662148071 0.42108340573414416 0.6788321167883212 0.41615986099044305 0.7257559958289885 0.41615986099044305 0.7340980187695516 0.40573414422241527 0.7497393117831074 0.40139009556907035 0.8415015641293013 0.40139009556907035 0.8477580813347237 0.3796698523023458 0.8467153284671534 0.35881841876629017 0.8342022940563086 0.3475238922675934 0.5839416058394161 0.3414422241529105 0.5599582898852972 0.3423110338835795 0.5495307612095933 0.3475238922675934 0.5286757038581856 0.3405734144222415 0.3691345151199166 0.34404865334491747 0.2950990615224192 0.3414422241529105 0.28258602711157454 0.3449174630755864 0.27528675703858185 0.37445699391833187 0.2721584984358707 0.4074717636837532 0.3023983315954119 0.41702867072111205
5 0.12095933263816476 0.527367506516073 0.6892596454640251 0.5516941789748044 0.7184567257559958 0.5508253692441355 0.7236704900938478 0.5430060816681147 0.7226277372262774 0.49435273675065156 0.7111574556830031 0.4874022589052997 0.6871741397288843 0.49087749782797563 0.6475495307612096 0.47871416159860986 0.3753910323253389 0.4682884448305821 0.19603753910323254 0.4665508253692441 0.13451511991657977 0.471763683753258 0.11991657977059438 0.4769765421372719 0.11366006256517205 0.4839270199826238 0.11261730969760167 0.5230234578627281 0.12095933263816476 0.527367506516073
1 0.12825860271115747 0.5708079930495221 0.5172054223149114 0.5890529973935708 0.6506777893639207 0.5986099044309295 0.7132429614181439 0.6012163336229366 0.7205422314911366 0.5968722849695917 0.7226277372262774 0.5569070373588184 0.7132429614181439 0.5543006081668115 0.5724713242961418 0.5499565595134666 0.2721584984358707 0.5334491746307558 0.12095933263816476 0.5308427454387489 0.12200208550573514 0.5673327541268461 0.12825860271115747 0.5708079930495221
4 0.09071949947862357 0.5690703735881841 0.11887382690302399 0.5690703735881841 0.12200208550573514 0.5647263249348392 0.11678832116788321 0.5377932232841007 0.1178310740354536 0.5212858384013901 0.1105318039624609 0.5065160729800173 0.11157455683003129 0.48566463944396177 0.11991657977059438 0.47523892267593393 0.13555787278415016 0.4665508253692441 0.12408759124087591 0.4456993918331885 0.12408759124087591 0.43440486533449174 0.132429614181439 0.4152910512597741 0.15641293013555788 0.40312771503040834 0.18039624608967675 0.4039965247610773 0.18561001042752867 0.4074717636837532 0.20229405630865485 0.4048653344917463 0.22627737226277372 0.4144222415291051 0.2367049009384776 0.4083405734144222 0.26277372262773724 0.4092093831450912 0.2669447340980188 0.40225890529973934 0.2638164754953076 0.3970460469157254 0.2492179353493222 0.3953084274543875 0.11157455683003129 0.3935708079930495 0.08759124087591241 0.3979148566463944 0.08237747653806048 0.4092093831450912 0.08446298227320126 0.5638575152041703 0.09071949947862357 0.5690703735881841
2 0.7288842544316997 0.5881841876629018 0.7299270072992701 0.5951346655082537 0.7372262773722628 0.6020851433536055 0.7685088633993744 0.6055603822762815 0.9113660062565172 0.577758470894874 0.9155370177267987 0.5386620330147698 0.9155370177267987 0.4109470026064292 0.8842544316996872 0.40660295395308427 0.859228362877998 0.4083405734144222 0.8477580813347237 0.4048653344917463 0.7445255474452555 0.41181581233709813 0.7361835245046924 0.41702867072111205 0.7288842544316997 0.47958297132927885 0.7288842544316997 0.5881841876629018
3 0.31386861313868614 0.6046915725456125 0.3180396246089677 0.5829713292788878 0.30552659019812306 0.58123370981755 0.30552659019812306 0.6020851433536055 0.31386861313868614 0.6046915725456125
3 0.8415015641293013 0.6350999131190269 0.845672575599583 0.6333622936576889 0.8498435870698645 0.5951346655082537 0.8321167883211679 0.5977410947002606 0.8342022940563086 0.6333622936576889 0.8415015641293013 0.6350999131190269
3 0.16788321167883213 0.6229365768896611 0.1710114702815433 0.6203301476976542 0.1762252346193952 0.5742832319721981 0.15641293013555788 0.5725456125108601 0.15641293013555788 0.6203301476976542 0.16788321167883213 0.6229365768896611
3 0.7267987486965589 0.6585577758470894 0.7340980187695516 0.6602953953084274 0.7413972888425443 0.6516072980017376 0.7455683003128258 0.6072980017376194 0.721584984358707 0.6046915725456125 0.7236704900938478 0.6524761077324066 0.7267987486965589 0.6585577758470894
10 0 0.999131190269331 0.9989572471324296 0.999131190269331 0.9989572471324296 0 0 0 0 0.999131190269331
