0 0.2523461939520334 0.46307558644656815 0.7549530761209593 0.4839270199826238 0.7622523461939521 0.4422241529105126 0.7716371220020856 0.4248479582971329 0.794577685088634 0.4135534317984361 0.8821689259645464 0.4039965247610773 0.8884254431699687 0.36837532580364896 0.886339937434828 0.3614248479582971 0.8665276329509907 0.3414422241529105 0.8446298227320125 0.3344917463075586 0.5599582898852972 0.33709817549956556 0.28154327424400416 0.3466550825369244 0.2721584984358707 0.3518679409209383 0.2669447340980188 0.3622936576889661 0.2429614181438999 0.4456993918331885 0.24191866527632952 0.4569939183318853 0.2523461939520334 0.46307558644656815
5 0.10531803962460896 0.49782797567332754 0.10427528675703858 0.5082536924413553 0.10844629822732013 0.5160729800173761 0.10427528675703858 0.5360556038227627 0.10948905109489052 0.5369244135534318 0.5005213764337852 0.5716768027801911 0.5088633993743483 0.5682015638575152 0.5359749739311783 0.5742832319721981 0.6360792492179353 0.5829713292788878 0.6976016684045881 0.5838401390095569 0.7226277372262774 0.5890529973935708 0.7507820646506778 0.5873153779322328 0.7601668404588113 0.58123370981755 0.759124087591241 0.5056472632493484 0.7570385818561002 0.4891398783666377 0.7518248175182481 0.48566463944396177 0.29927007299270075 0.46481320590790615 0.15641293013555788 0.47002606429192006 0.10531803962460896 0.48045178105994785 0.10218978102189781 0.48566463944396177 0.10114702815432743 0.4934839270199826 0.10531803962460896 0.49782797567332754
2 0.767466110531804 0.5881841876629018 0.7876256517205422 0.5899218071242398 0.7966631908237748 0.5962927888792354 0.7977059436913452 0.6133796698523023 0.8018769551616267 0.6168549087749783 0.8102189781021898 0.6107732406602954 0.8091762252346194 0.5899218071242398 0.8123044838373306 0.5855777584708949 0.9144942648592284 0.5482189400521286 0.9186652763295099 0.4422241529105126 0.9144942648592284 0.41702867072111205 0.9071949947862357 0.4074717636837532 0.8832116788321168 0.4048653344917463 0.781021897810219 0.41789748045178104 0.7664233576642336 0.43440486533449174 0.7601668404588113 0.473501303214596 0.7612095933263817 0.5829713292788878 0.767466110531804 0.5881841876629018
4 0.09176225234619395 0.5343179843614249 0.10844629822732013 0.5360556038227627 0.10531803962460896 0.5039096437880104 0.10844629822732013 0.5030408340573415 0.09697601668404589 0.4934839270199826 0.09906152241918666 0.48479582971329277 0.1261730969760167 0.47437011294526493 0.23774765380604798 0.46307558644656815 0.251303441084463 0.40052128583840135 0.09697601668404589 0.40660295395308427 0.0886339937434828 0.4083405734144222 0.08237747653806048 0.4152910512597741 0.08654848800834203 0.5282363162467419 0.09176225234619395 0.5343179843614249
3 0.31178310740354537 0.5699391833188532 0.32012513034410844 0.5716768027801911 0.32116788321167883 0.5595134665508253 0.31386861313868614 0.5569070373588184 0.310740354535975 0.5577758470894874 0.31178310740354537 0.5699391833188532
3 0.8008342022940563 0.6185925282363162 0.8070907194994786 0.6185925282363162 0.8102189781021898 0.5899218071242398 0.8060479666319083 0.5873153779322328 0.7966631908237748 0.5925282363162467 0.7966631908237748 0.6142484795829712 0.8008342022940563 0.6185925282363162
3 0.5046923879040668 0.5907906168549087 0.5119916579770595 0.5960034752389226 0.5213764337851929 0.5960034752389226 0.5234619395203337 0.5742832319721981 0.5067778936392076 0.573414422241529 0.49530761209593327 0.5742832319721981 0.5046923879040668 0.5907906168549087
3 0.15015641293013557 0.6038227628149435 0.1543274244004171 0.6012163336229366 0.1553701772679875 0.5464813205907906 0.15015641293013557 0.5412684622067767 0.13660062565172054 0.5412684622067767 0.14181438998957246 0.6020851433536055 0.15015641293013557 0.6038227628149435
3 0.6757038581856101 0.5979582971329278 0.6777893639207508 0.6611642050390965 0.6840458811261731 0.6655082536924413 0.6913451511991658 0.6655082536924413 0.6955161626694474 0.6602953953084274 0.7007299270072993 0.5899218071242398 0.6892596454640251 0.5864465682015638 0.6652763295099061 0.5881841876629018 0.6642335766423357 0.5907906168549087 0.6757038581856101 0.5979582971329278
10 0 0.999131190269331 0.9989572471324296 0.999131190269331 0.9989572471324296 0 0 0 0 0.999131190269331
