0 0.27632950990615224 0.4422241529105126 0.2909280500521377 0.3796698523023458 0.29927007299270075 0.36750651607298 0.4348279457768509 0.3779322328410078 0.45255474452554745 0.3822762814943527 0.4546402502606882 0.3892267593397046 0.4421272158498436 0.4596003475238922 0.5140771637122002 0.472632493483927 0.5265901981230449 0.47002606429192006 0.556830031282586 0.472632493483927 0.5735140771637122 0.3970460469157254 0.5828988529718457 0.38662033014769764 0.708029197080292 0.39617723718505643 0.7455683003128258 0.3944396177237185 0.7559958289885297 0.3979148566463944 0.7612095933263817 0.41789748045178104 0.7476538060479666 0.48479582971329277 0.7643378519290929 0.4874022589052997 0.7685088633993744 0.4839270199826238 0.7820646506777894 0.4257167680278019 0.7935349322210636 0.4100781928757602 0.8029197080291971 0.40312771503040834 0.821689259645464 0.3970460469157254 0.8884254431699687 0.3883579496090356 0.8915537017726799 0.3761946133796698 0.8873826903023984 0.3622936576889661 0.8800834202294057 0.35534317984361424 0.8498435870698645 0.3414422241529105 0.3023983315954119 0.31624674196351 0.28884254431699685 0.32232841007819285 0.28258602711157454 0.33362293657688963 0.25547445255474455 0.4291920069504778 0.25443169968717416 0.4422241529105126 0.27632950990615224 0.4422241529105126
4 0.14911366006256518 0.4604691572545612 0.19082377476538062 0.4552562988705473 0.2492179353493222 0.4422241529105126 0.27007299270072993 0.366637706342311 0.27007299270072993 0.35534317984361424 0.26173096976016685 0.3466550825369244 0.2502606882168926 0.3449174630755864 0.16892596454640252 0.3518679409209383 0.1334723670490094 0.3605560382276281 0.11991657977059438 0.3761946133796698 0.11887382690302399 0.4578627280625543 0.14911366006256518 0.4604691572545612
2 0.7716371220020856 0.523892267593397 0.8029197080291971 0.5325803649000869 0.8091762252346194 0.5482189400521286 0.8050052137643379 0.5881841876629018 0.8112617309697602 0.6029539530842745 0.8477580813347237 0.5925282363162467 0.8519290928050053 0.6036985230234578 0.8519290928050053 0.627280625543006 0.8623566214807091 0.6281494352736751 0.8623566214807091 0.5942658557775847 0.8706986444212722 0.5855777584708949 0.913451511991658 0.5716768027801911 0.9165797705943691 0.5673327541268461 0.9186652763295099 0.4092093831450912 0.9155370177267987 0.3987836663770634 0.9009384775808134 0.3918331885317115 0.872784150156413 0.39096437880104257 0.8362877997914494 0.3953084274543875 0.8050052137643379 0.4039965247610773 0.7935349322210636 0.41181581233709813 0.7841501564129302 0.4265855777584709 0.7716371220020856 0.47002606429192006 0.767466110531804 0.5186794092093832 0.7716371220020856 0.523892267593397
5 0.10218978102189781 0.5212858384013901 0.12930135557872785 0.525629887054735 0.7163712200208551 0.5951346655082537 0.7758081334723671 0.5960034752389226 0.7966631908237748 0.5890529973935708 0.8029197080291971 0.5803649000868809 0.8039624608967675 0.5569070373588184 0.7914494264859229 0.5525629887054735 0.7893639207507821 0.5360556038227627 0.7559958289885297 0.5091225021720243 0.7549530761209593 0.4995655951346655 0.7476538060479666 0.4934839270199826 0.735140771637122 0.49087749782797563 0.7007299270072993 0.4900086880973067 0.580813347236705 0.4769765421372719 0.502606882168926 0.4769765421372719 0.49530761209593327 0.47002606429192006 0.4848800834202294 0.4682884448305821 0.27528675703858185 0.4465682015638575 0.2492179353493222 0.4465682015638575 0.15224191866527634 0.4622067767158992 0.10531803962460896 0.46307558644656815 0.08342022940563087 0.473501303214596 0.08446298227320126 0.5108601216333623 0.10218978102189781 0.5212858384013901
3 0.5088633993743483 0.6046915725456125 0.5088633993743483 0.5907906168549087 0.49739311783107404 0.5890529973935708 0.49739311783107404 0.6046915725456125 0.5088633993743483 0.6046915725456125
3 0.8623566214807091 0.6298870547350129 0.8633993743482795 0.5907906168549087 0.8529718456725757 0.5916594265855777 0.8508863399374349 0.627280625543006 0.8623566214807091 0.6298870547350129
3 0.10531803962460896 0.5907906168549087 0.10948905109489052 0.5881841876629018 0.1105318039624609 0.5473501303214595 0.13660062565172054 0.5430060816681147 0.09906152241918666 0.5377932232841007 0.09801876955161627 0.5890529973935708 0.10531803962460896 0.5907906168549087
3 0.7163712200208551 0.6159860990443092 0.7528675703858185 0.6498696785403996 0.7539103232533889 0.682015638575152 0.7632950990615225 0.682884448305821 0.7664233576642336 0.681146828844483 0.7685088633993744 0.6472632493483926 0.7653806047966633 0.6203301476976542 0.7257559958289885 0.6159860990443092 0.7205422314911366 0.6194613379669852 0.7163712200208551 0.6159860990443092
10 0 0.999131190269331 0.9989572471324296 0.999131190269331 0.9989572471324296 0 0 0 0 0.999131190269331
1 0.10948905109489052 0.5360556038227627 0.12200208550573514 0.5438748913987836 0.1386861313868613 0.5464813205907906 0.1929092805005214 0.5499565595134666 0.4869655891553702 0.5881841876629018 0.5067778936392076 0.5873153779322328 0.5192909280500522 0.5925282363162467 0.6934306569343066 0.6133796698523023 0.7101147028154328 0.6142484795829712 0.7163712200208551 0.6099044309296264 0.7559958289885297 0.6099044309296264 0.7705943691345152 0.6159860990443092 0.781021897810219 0.6159860990443092 0.8050052137643379 0.6090356211989574 0.8091762252346194 0.5994787141615986 0.8060479666319083 0.5907906168549087 0.7653806047966633 0.5986099044309295 0.7111574556830031 0.5960034752389226 0.656934306569343 0.5873153779322328 0.40771637122002086 0.5603822762814943 0.38686131386861317 0.5534317984361424 0.2356621480709072 0.5395308427454387 0.10948905109489052 0.522154648132059 0.09280500521376434 0.522154648132059 0.09071949947862357 0.525629887054735 0.09489051094890512 0.5360556038227627 0.10948905109489052 0.5360556038227627
