0 0.25547445255474455 0.3970460469157254 0.30761209593326383 0.40139009556907035 0.3958988529718457 0.40139009556907035 0.40667361835245047 0.4092093831450912 0.3983315954118874 0.4526498696785404 0.4035453597497393 0.4622067767158992 0.41397288842544316 0.4622067767158992 0.42127215849843586 0.45438748913987836 0.43065693430656937 0.40660295395308427 0.4369134515119917 0.40139009556907035 0.4984358706986444 0.4092093831450912 0.5474452554744526 0.4100781928757602 0.589155370177268 0.40660295395308427 0.5964546402502607 0.4144222415291051 0.5881126173096977 0.4674196350999131 0.5964546402502607 0.471763683753258 0.6016684045881127 0.470894874022589 0.6100104275286757 0.4604691572545612 0.6246089676746611 0.4126846220677671 0.6402502606882169 0.4074717636837532 0.7007299270072993 0.4152910512597741 0.7549530761209593 0.41702867072111205 0.7935349322210636 0.4135534317984361 0.8008342022940563 0.42311033883579496 0.8123044838373306 0.420503909643788 0.8269030239833159 0.42224152910512597 0.8362877997914494 0.41702867072111205 0.845672575599583 0.41789748045178104 0.8665276329509907 0.4109470026064292 0.8821689259645464 0.3979148566463944 0.8821689259645464 0.3883579496090356 0.8769551616266945 0.3892267593397046 0.854014598540146 0.3727193744569939 0.8529718456725757 0.36750651607298 0.8289885297184567 0.37185056472632494 0.7799791449426486 0.3727193744569939 0.6986444212721585 0.36837532580364896 0.6496350364963503 0.3622936576889661 0.6454640250260688 0.3579496090356212 0.607924921793535 0.365768896611642 0.5783806047966632 0.366637706342311 0.456725755995829 0.3605560382276281 0.43795620437956206 0.3518679409209383 0.41501564129301355 0.35621198957428324 0.3315954118873827 0.3570807993049522 0.2586027111574557 0.34839270199826233 0.24817518248175183 0.3509991311902693 0.24817518248175183 0.3883579496090356 0.25547445255474455 0.3970460469157254
5 0.11261730969760167 0.5117289313640313 0.7393117831074035 0.5551694178974804 0.7559958289885297 0.5551694178974804 0.759124087591241 0.5508253692441355 0.7559958289885297 0.5134665508253692 0.7466110531803962 0.5099913119026933 0.7299270072992701 0.5099913119026933 0.7132429614181439 0.5152041702867072 0.7017726798748697 0.5056472632493484 0.6986444212721585 0.47958297132927885 0.6204379562043796 0.4778453518679409 0.602711157455683 0.47437011294526493 0.48175182481751827 0.47958297132927885 0.45985401459854014 0.472632493483927 0.42440041710114706 0.47002606429192006 0.4129301355578728 0.46568201563857514 0.3847758081334724 0.4674196350999131 0.34515119916579773 0.4622067767158992 0.24608967674661106 0.4578627280625543 0.18143899895724713 0.46394439617723715 0.14494264859228365 0.472632493483927 0.11366006256517205 0.470894874022589 0.10531803962460896 0.47437011294526493 0.1032325338894682 0.48045178105994785 0.10114702815432743 0.49782797567332754 0.11261730969760167 0.5117289313640313
1 0.11574556830031282 0.5412684622067767 0.34932221063607927 0.5647263249348392 0.7049009384775808 0.5933970460469157 0.759124087591241 0.5951346655082537 0.7612095933263817 0.5925282363162467 0.7612095933263817 0.5690703735881841 0.7549530761209593 0.5560382276281494 0.14389989572471323 0.5108601216333623 0.11678832116788321 0.5108601216333623 0.10531803962460896 0.5160729800173761 0.10427528675703858 0.5291051259774109 0.11574556830031282 0.5412684622067767
4 0.16788321167883213 0.40312771503040834 0.24713242961418144 0.3979148566463944 0.2429614181438999 0.3883579496090356 0.14911366006256518 0.3970460469157254 0.12721584984358708 0.40052128583840135 0.16788321167883213 0.40312771503040834
3 0.10218978102189781 0.5855777584708949 0.11157455683003129 0.5821025195482189 0.11157455683003129 0.5677671589921807 0.11887382690302399 0.5543006081668115 0.1543274244004171 0.5464813205907906 0.11261730969760167 0.5412684622067767 0.09906152241918666 0.5438748913987836 0.09801876955161627 0.5742832319721981 0.10218978102189781 0.5855777584708949
4 0.0886339937434828 0.5395308427454387 0.09697601668404589 0.5412684622067767 0.10010427528675704 0.5386620330147698 0.10114702815432743 0.5178105994787141 0.10948905109489052 0.5082536924413553 0.10114702815432743 0.4995655951346655 0.10844629822732013 0.471763683753258 0.13660062565172054 0.4682884448305821 0.13764337851929093 0.46307558644656815 0.1251303441084463 0.4291920069504778 0.1251303441084463 0.40052128583840135 0.0886339937434828 0.40139009556907035 0.08133472367049009 0.4074717636837532 0.08237747653806048 0.4986967854039965 0.0886339937434828 0.5395308427454387
3 0.4786235662148071 0.5951346655082537 0.4859228362877998 0.5951346655082537 0.48905109489051096 0.576889661164205 0.4859228362877998 0.573414422241529 0.47758081334723673 0.573414422241529 0.47549530761209596 0.5916594265855777 0.4786235662148071 0.5951346655082537
3 0.781021897810219 0.6142484795829712 0.7904066736183525 0.6242397914856646 0.7914494264859229 0.6498696785403996 0.8039624608967675 0.6498696785403996 0.8060479666319083 0.5482189400521286 0.799791449426486 0.5560382276281494 0.799791449426486 0.578627280625543 0.7904066736183525 0.5925282363162467 0.7737226277372263 0.6003475238922675 0.7632950990615225 0.5968722849695917 0.7340980187695516 0.5960034752389226 0.7372262773722628 0.6003475238922675 0.781021897810219 0.6142484795829712
2 0.767466110531804 0.5968722849695917 0.7778936392075079 0.5968722849695917 0.7914494264859229 0.5864465682015638 0.8196037539103233 0.58123370981755 0.8665276329509907 0.5621198957428323 0.8884254431699687 0.5464813205907906 0.9040667361835245 0.5499565595134666 0.9071949947862357 0.5464813205907906 0.9144942648592284 0.4509122502172024 0.9040667361835245 0.4248479582971329 0.8915537017726799 0.4109470026064292 0.772679874869656 0.43874891398783666 0.7632950990615225 0.45873153779322323 0.7601668404588113 0.48566463944396177 0.7622523461939521 0.5916594265855777 0.767466110531804 0.5968722849695917
3 0.859228362877998 0.5673327541268461 0.8821689259645464 0.575152041702867 0.8821689259645464 0.5986099044309295 0.886339937434828 0.6072980017376194 0.8915537017726799 0.6055603822762815 0.8894681960375391 0.5986099044309295 0.8936392075078207 0.5925282363162467 0.8936392075078207 0.527367506516073 0.886339937434828 0.5516941789748044 0.859228362877998 0.5673327541268461
10 0 0.999131190269331 0.9989572471324296 0.999131190269331 0.9989572471324296 0 0 0 0 0.999131190269331
