0 0.1251303441084463 0.48132059079061684 0.13034410844629823 0.48566463944396177 0.14389989572471323 0.4865334491746307 0.16058394160583941 0.48132059079061684 0.21897810218978103 0.4761077324066029 0.570385818561001 0.47523892267593393 0.5881126173096977 0.473501303214596 0.5933263816475496 0.46915725456125107 0.602711157455683 0.39965247610773236 0.6110531803962461 0.3770634231103388 0.6183524504692388 0.37011294526498695 0.6475495307612096 0.3622936576889661 0.6861313868613139 0.3605560382276281 0.8029197080291971 0.3761946133796698 0.8060479666319083 0.3640312771503041 0.8039624608967675 0.35621198957428324 0.7893639207507821 0.34839270199826233 0.7038581856100105 0.33362293657688963 0.6089676746611054 0.30668983492615115 0.5881126173096977 0.30582102519548215 0.5797705943691346 0.3101650738488271 0.5589155370177268 0.37098175499565594 0.5537017726798749 0.3735881841876629 0.49635036496350365 0.37532580364900087 0.45255474452554745 0.38488271068635965 0.3295099061522419 0.39617723718505643 0.3169968717413973 0.4092093831450912 0.30656934306569344 0.4048653344917463 0.3034410844629823 0.39096437880104257 0.29197080291970806 0.38662033014769764 0.18665276329509906 0.3831450912250217 0.13034410844629823 0.3761946133796698 0.1178310740354536 0.3788010425716768 0.10948905109489052 0.38488271068635965 0.11366006256517205 0.42745438748913983 0.1251303441084463 0.48132059079061684
5 0.1397288842544317 0.520417028670721 0.15328467153284672 0.522154648132059 0.24713242961418144 0.526498696785404 0.30761209593326383 0.524761077324066 0.35140771637122004 0.5299739357080799 0.5464025026068822 0.5369244135534318 0.589155370177268 0.5369244135534318 0.5933263816475496 0.525629887054735 0.5912408759124088 0.4761077324066029 0.20959332638164754 0.47871416159860986 0.1251303441084463 0.4891398783666377 0.12408759124087591 0.5117289313640313 0.1397288842544317 0.520417028670721
2 0.5964546402502607 0.6090356211989574 0.6058394160583942 0.6177237185056472 0.6934306569343066 0.6255430060816681 0.9155370177267987 0.5881841876629018 0.9176225234619395 0.4309296264118158 0.9144942648592284 0.40312771503040834 0.9071949947862357 0.3970460469157254 0.7236704900938478 0.365768896611642 0.6631908237747653 0.3622936576889661 0.6266944734098019 0.36924413553431795 0.6152241918665277 0.3761946133796698 0.6037539103232534 0.40660295395308427 0.5954118873826904 0.48479582971329277 0.5922836287799792 0.5890529973935708 0.5964546402502607 0.6090356211989574
4 0.08446298227320126 0.5647263249348392 0.10114702815432743 0.5664639443961772 0.10844629822732013 0.5638575152041703 0.10427528675703858 0.5603822762814943 0.10844629822732013 0.525629887054735 0.12408759124087591 0.5160729800173761 0.11991657977059438 0.49695916594265854 0.1261730969760167 0.4839270199826238 0.1105318039624609 0.41789748045178104 0.10531803962460896 0.41615986099044305 0.08759124087591241 0.42137271937445697 0.08237747653806048 0.4300608166811468 0.08237747653806048 0.5612510860121633 0.08446298227320126 0.5647263249348392
1 0.10636079249217936 0.5516941789748044 0.09801876955161627 0.5569070373588184 0.08446298227320126 0.5560382276281494 0.08759124087591241 0.5647263249348392 0.09801876955161627 0.5621198957428323 0.10427528675703858 0.5682015638575152 0.40041710114702816 0.5986099044309295 0.41605839416058393 0.5977410947002606 0.5391032325338895 0.6125108601216334 0.5995828988529719 0.6159860990443092 0.5912408759124088 0.5951346655082537 0.5922836287799792 0.5456125108601216 0.589155370177268 0.5395308427454387 0.12095933263816476 0.5186794092093832 0.10948905109489052 0.522154648132059 0.1032325338894682 0.5360556038227627 0.10636079249217936 0.5516941789748044
3 0.9051094890510949 0.6298870547350129 0.9051094890510949 0.6012163336229366 0.9019812304483837 0.6012163336229366 0.9009384775808134 0.6411815812337098 0.9051094890510949 0.6298870547350129
3 0.09071949947862357 0.6038227628149435 0.09384775808133472 0.6055603822762815 0.09801876955161627 0.6029539530842745 0.09906152241918666 0.5699391833188532 0.0959332638164755 0.5673327541268461 0.08967674661105318 0.5673327541268461 0.09071949947862357 0.6038227628149435
3 0.42544316996871745 0.6238053866203301 0.4285714285714286 0.6220677671589921 0.4285714285714286 0.6038227628149435 0.42440041710114706 0.6003475238922675 0.41501564129301355 0.6003475238922675 0.41397288842544316 0.6220677671589921 0.42544316996871745 0.6238053866203301
3 0.6746611053180397 0.630755864465682 0.6840458811261731 0.6394439617723718 0.6861313868613139 0.6924413553431799 0.6955161626694474 0.6941789748045177 0.6986444212721585 0.6924413553431799 0.6996871741397289 0.6429192006950477 0.7059436913451512 0.627280625543006 0.6704900938477582 0.627280625543006 0.667361835245047 0.6298870547350129 0.6746611053180397 0.630755864465682
10 0 0.999131190269331 0.9989572471324296 0.999131190269331 0.9989572471324296 0 0 0 0 0.999131190269331
