0 0.2732012513034411 0.37445699391833187 0.3472367049009385 0.3814074717636837 0.46611053180396245 0.38053866203301473 0.49739311783107404 0.3770634231103388 0.5099061522419187 0.3927019982623805 0.49635036496350365 0.43179843614248475 0.4984358706986444 0.45004344048653344 0.49530761209593327 0.4526498696785404 0.502606882168926 0.4674196350999131 0.5359749739311783 0.46481320590790615 0.5391032325338895 0.4613379669852302 0.5495307612095933 0.43179843614248475 0.5505735140771637 0.38748913987836664 0.5589155370177268 0.3796698523023458 0.5954118873826904 0.38662033014769764 0.6329509906152242 0.3883579496090356 0.7768508863399375 0.3892267593397046 0.8070907194994786 0.38575152041702865 0.8175182481751825 0.39096437880104257 0.8175182481751825 0.41181581233709813 0.8696558915537018 0.40225890529973934 0.8800834202294057 0.39009556907037357 0.8748696558915537 0.365768896611642 0.8894681960375391 0.3197219808861859 0.8800834202294057 0.313640312771503 0.8269030239833159 0.31711555169417893 0.6120959332638165 0.313640312771503 0.5693430656934306 0.30582102519548215 0.5516162669447341 0.30668983492615115 0.5286757038581856 0.31624674196351 0.49635036496350365 0.3101650738488271 0.33785192909280504 0.30842745438748914 0.278415015641293 0.3023457862728062 0.27007299270072993 0.30755864465682015 0.26903023983315955 0.3301476976542137 0.26798748696558916 0.3727193744569939 0.2732012513034411 0.37445699391833187
5 0.11678832116788321 0.5360556038227627 0.1334723670490094 0.5403996524761077 0.7111574556830031 0.5673327541268461 0.7330552659019812 0.5664639443961772 0.7403545359749739 0.5525629887054735 0.7445255474452555 0.4830582102519548 0.6402502606882169 0.4839270199826238 0.6360792492179353 0.48045178105994785 0.5693430656934306 0.47958297132927885 0.5349322210636079 0.47523892267593393 0.5318039624608968 0.46915725456125107 0.5099061522419187 0.47002606429192006 0.49113660062565173 0.47523892267593393 0.4348279457768509 0.47437011294526493 0.2659019812304484 0.4665508253692441 0.23253388946819603 0.4622067767158992 0.13764337851929093 0.473501303214596 0.11887382690302399 0.4778453518679409 0.11157455683003129 0.48479582971329277 0.1105318039624609 0.5091225021720243 0.11678832116788321 0.5360556038227627
1 0.1397288842544317 0.5933970460469157 0.21272158498435872 0.6029539530842745 0.2659019812304484 0.6064291920069504 0.2846715328467153 0.6038227628149435 0.29927007299270075 0.6072980017376194 0.6861313868613139 0.6281494352736751 0.721584984358707 0.6264118158123371 0.7257559958289885 0.6125108601216334 0.7267987486965589 0.5986099044309295 0.7226277372262774 0.5916594265855777 0.7257559958289885 0.5708079930495221 0.708029197080292 0.5682015638575152 0.15849843587069865 0.5403996524761077 0.1334723670490094 0.5421372719374457 0.13138686131386862 0.5551694178974804 0.13138686131386862 0.5847089487402258 0.1397288842544317 0.5933970460469157
4 0.08967674661105318 0.47002606429192006 0.09697601668404589 0.5464813205907906 0.09697601668404589 0.578627280625543 0.10218978102189781 0.5986099044309295 0.11261730969760167 0.6029539530842745 0.12408759124087591 0.5968722849695917 0.12721584984358708 0.5847089487402258 0.12408759124087591 0.58123370981755 0.12408759124087591 0.5499565595134666 0.11887382690302399 0.5430060816681147 0.12304483837330553 0.5291051259774109 0.11678832116788321 0.525629887054735 0.10948905109489052 0.5117289313640313 0.10948905109489052 0.49087749782797563 0.11887382690302399 0.4778453518679409 0.1261730969760167 0.47437011294526493 0.2137643378519291 0.4613379669852302 0.23357664233576642 0.4596003475238922 0.2440041710114703 0.4622067767158992 0.2586027111574557 0.42311033883579496 0.26173096976016685 0.38662033014769764 0.10114702815432743 0.40139009556907035 0.08967674661105318 0.4039965247610773 0.08237747653806048 0.4109470026064292 0.08133472367049009 0.42745438748913983 0.08967674661105318 0.47002606429192006
2 0.7393117831074035 0.63249348392702 0.7466110531803962 0.6368375325803649 0.7612095933263817 0.6350999131190269 0.8467153284671534 0.6081668114682884 0.8529718456725757 0.6185925282363162 0.8519290928050053 0.6542137271937445 0.8623566214807091 0.6542137271937445 0.8654848800834203 0.6038227628149435 0.8936392075078207 0.5925282363162467 0.9040667361835245 0.576889661164205 0.9124087591240876 0.4622067767158992 0.9186652763295099 0.4265855777584709 0.9186652763295099 0.4152910512597741 0.9113660062565172 0.40139009556907035 0.7768508863399375 0.42224152910512597 0.7580813347236706 0.4439617723718505 0.7466110531803962 0.5030408340573415 0.7466110531803962 0.5968722849695917 0.7393117831074035 0.63249348392702
3 0.8613138686131387 0.6229365768896611 0.8623566214807091 0.6350999131190269 0.8623566214807091 0.6090356211989574 0.854014598540146 0.6081668114682884 0.8519290928050053 0.6151172893136403 0.8613138686131387 0.6229365768896611
3 0.29405630865484883 0.6211989574283232 0.2950990615224192 0.6090356211989574 0.2846715328467153 0.6081668114682884 0.28362877997914493 0.6194613379669852 0.29405630865484883 0.6211989574283232
3 0.7372262773722628 0.6993918331885317 0.7445255474452555 0.6976542137271937 0.7455683003128258 0.6898349261511728 0.7445255474452555 0.6385751520417028 0.7320125130344108 0.6350999131190269 0.7320125130344108 0.6967854039965247 0.7372262773722628 0.6993918331885317
3 0.12825860271115747 0.6568201563857515 0.13764337851929093 0.6576889661164205 0.14077163712200208 0.6542137271937445 0.1386861313868613 0.5968722849695917 0.13660062565172054 0.5942658557775847 0.12825860271115747 0.5986099044309295 0.12408759124087591 0.6046915725456125 0.12825860271115747 0.6568201563857515
10 0 0.999131190269331 0.9989572471324296 0.999131190269331 0.9989572471324296 0 0 0 0 0.999131190269331
