0 0.26173096976016685 0.4291920069504778 0.2711157455683003 0.43874891398783666 0.2773722627737226 0.44917463075586445 0.278415015641293 0.4665508253692441 0.2846715328467153 0.4682884448305821 0.4619395203336809 0.472632493483927 0.4984358706986444 0.472632493483927 0.5046923879040668 0.4682884448305821 0.5119916579770595 0.473501303214596 0.6684045881126174 0.4769765421372719 0.6840458811261731 0.470894874022589 0.6819603753910324 0.45351867940920937 0.694473409801877 0.43266724587315375 0.7111574556830031 0.4265855777584709 0.748696558915537 0.4257167680278019 0.7528675703858185 0.419635099913119 0.7705943691345152 0.41181581233709813 0.7893639207507821 0.4100781928757602 0.7935349322210636 0.40225890529973934 0.8102189781021898 0.40139009556907035 0.8164754953076121 0.3979148566463944 0.821689259645464 0.40052128583840135 0.8258602711157456 0.3935708079930495 0.8143899895724713 0.38053866203301473 0.8175182481751825 0.37532580364900087 0.7987486965589156 0.37532580364900087 0.7872784150156413 0.365768896611642 0.543274244004171 0.365768896611642 0.5224191866527633 0.36924413553431795 0.5109489051094891 0.365768896611642 0.4410844629822732 0.365768896611642 0.2659019812304484 0.36924413553431795 0.25443169968717416 0.3735881841876629 0.24817518248175183 0.39965247610773236 0.24713242961418144 0.4248479582971329 0.26173096976016685 0.4291920069504778
5 0.12200208550573514 0.5212858384013901 0.7174139728884255 0.5438748913987836 0.7393117831074035 0.5438748913987836 0.7476538060479666 0.5395308427454387 0.748696558915537 0.5343179843614249 0.748696558915537 0.5082536924413553 0.7445255474452555 0.49435273675065156 0.7132429614181439 0.4934839270199826 0.6861313868613139 0.47958297132927885 0.18665276329509906 0.4682884448305821 0.14494264859228365 0.4769765421372719 0.12930135557872785 0.4761077324066029 0.1105318039624609 0.48479582971329277 0.11157455683003129 0.5152041702867072 0.12200208550573514 0.5212858384013901
2 0.7549530761209593 0.5855777584708949 0.7883211678832117 0.5881841876629018 0.8310740354535975 0.5803649000868809 0.8415015641293013 0.5962206776715899 0.8415015641293013 0.6125108601216334 0.8467153284671534 0.6159860990443092 0.8529718456725757 0.6133796698523023 0.8581856100104276 0.576889661164205 0.9124087591240876 0.5673327541268461 0.9176225234619395 0.4674196350999131 0.9176225234619395 0.420503909643788 0.9144942648592284 0.41702867072111205 0.7977059436913452 0.4135534317984361 0.7632950990615225 0.41615986099044305 0.7570385818561002 0.42137271937445697 0.7528675703858185 0.47871416159860986 0.7497393117831074 0.58123370981755 0.7549530761209593 0.5855777584708949
4 0.08967674661105318 0.5551694178974804 0.11157455683003129 0.5551694178974804 0.11574556830031282 0.5516941789748044 0.10844629822732013 0.4900086880973067 0.11261730969760167 0.48045178105994785 0.12304483837330553 0.473501303214596 0.11574556830031282 0.44917463075586445 0.12304483837330553 0.42745438748913983 0.14598540145985403 0.41702867072111205 0.15849843587069865 0.41702867072111205 0.18561001042752867 0.4248479582971329 0.23357664233576642 0.4265855777584709 0.23879040667361837 0.42311033883579496 0.2429614181438999 0.4109470026064292 0.10531803962460896 0.4074717636837532 0.08550573514077164 0.4100781928757602 0.08133472367049009 0.4144222415291051 0.08446298227320126 0.5482189400521286 0.08967674661105318 0.5551694178974804
1 0.1397288842544317 0.5569070373588184 0.7403545359749739 0.5873153779322328 0.7476538060479666 0.5829713292788878 0.748696558915537 0.576020851433536 0.748696558915537 0.5482189400521286 0.7445255474452555 0.5456125108601216 0.1178310740354536 0.522154648132059 0.1178310740354536 0.5534317984361424 0.1397288842544317 0.5569070373588184
3 0.2857142857142857 0.5864465682015638 0.2898852971845673 0.5664639443961772 0.278415015641293 0.5647263249348392 0.2773722627737226 0.5838401390095569 0.2857142857142857 0.5864465682015638
3 0.845672575599583 0.6159860990443092 0.8519290928050053 0.6159860990443092 0.8571428571428572 0.5803649000868809 0.8425443169968717 0.5821025195482189 0.8415015641293013 0.6099044309296264 0.845672575599583 0.6159860990443092
3 0.1553701772679875 0.6012163336229366 0.16058394160583941 0.5942658557775847 0.16266944734098018 0.5603822762814943 0.14494264859228365 0.5586446568201564 0.14702815432742442 0.5968722849695917 0.1553701772679875 0.6012163336229366
3 0.7559958289885297 0.6368375325803649 0.7612095933263817 0.6333622936576889 0.7664233576642336 0.5916594265855777 0.7455683003128258 0.5881841876629018 0.7466110531803962 0.6333622936576889 0.7559958289885297 0.6368375325803649
10 0 0.999131190269331 0.9989572471324296 0.999131190269331 0.9989572471324296 0 0 0 0 0.999131190269331
