0 0.23774765380604798 0.45004344048653344 0.2867570385818561 0.4465682015638575 0.3597497393117831 0.44917463075586445 0.4483837330552659 0.4561251086012163 0.5005213764337852 0.4665508253692441 0.5307612095933264 0.4682884448305821 0.5693430656934306 0.46394439617723715 0.662148070907195 0.46481320590790615 0.7622523461939521 0.470894874022589 0.7705943691345152 0.4448305821025195 0.7841501564129302 0.43266724587315375 0.8446298227320125 0.4126846220677671 0.8561001042752868 0.38488271068635965 0.8561001042752868 0.3362293657688966 0.8331595411887383 0.3310165073848827 0.7101147028154328 0.3249348392701998 0.2596454640250261 0.314509122502172 0.2533889468196038 0.3205907906168549 0.2356621480709072 0.4092093831450912 0.23461939520333683 0.44309296264118153 0.23774765380604798 0.45004344048653344
5 0.11470281543274244 0.5395308427454387 0.278415015641293 0.5490877497827975 0.40250260688216893 0.5490877497827975 0.5015641293013556 0.5629887054735012 0.5516162669447341 0.5621198957428323 0.708029197080292 0.5690703735881841 0.7267987486965589 0.5682015638575152 0.7476538060479666 0.5621198957428323 0.7622523461939521 0.5543006081668115 0.7632950990615225 0.5473501303214595 0.7622523461939521 0.473501303214596 0.7299270072992701 0.46915725456125107 0.5755995828988529 0.46568201563857514 0.5119916579770595 0.471763683753258 0.4546402502606882 0.45873153779322323 0.4233576642335767 0.4552562988705473 0.2773722627737226 0.44917463075586445 0.14389989572471323 0.471763683753258 0.08446298227320126 0.4917463075586446 0.08446298227320126 0.5291051259774109 0.11470281543274244 0.5395308427454387
1 0.1334723670490094 0.5742832319721981 0.14702815432742442 0.5847089487402258 0.1553701772679875 0.576889661164205 0.1710114702815433 0.576020851433536 0.24087591240875914 0.5838401390095569 0.7372262773722628 0.6168549087749783 0.7518248175182481 0.6133796698523023 0.7747653806047967 0.5960034752389226 0.7643378519290929 0.5638575152041703 0.759124087591241 0.5621198957428323 0.10740354535974975 0.5377932232841007 0.09906152241918666 0.5412684622067767 0.10218978102189781 0.5699391833188532 0.1334723670490094 0.5742832319721981
2 0.7747653806047967 0.5925282363162467 0.7935349322210636 0.6046915725456125 0.8102189781021898 0.6029539530842745 0.8331595411887383 0.5933970460469157 0.8404588112617309 0.6030781928757601 0.8404588112617309 0.627280625543006 0.8477580813347237 0.6298870547350129 0.8488008342022941 0.5991894005212858 0.8529718456725757 0.5864465682015638 0.9113660062565172 0.5612510860121633 0.9165797705943691 0.5499565595134666 0.9186652763295099 0.4283231972198088 0.9144942648592284 0.4144222415291051 0.9061522419186653 0.40573414422241527 0.8967674661105318 0.40225890529973934 0.859228362877998 0.4092093831450912 0.8488008342022941 0.4152910512597741 0.7872784150156413 0.43440486533449174 0.7747653806047967 0.4456993918331885 0.7695516162669448 0.4604691572545612 0.7664233576642336 0.5360556038227627 0.7747653806047967 0.5925282363162467
4 0.09384775808133472 0.48479582971329277 0.1386861313868613 0.471763683753258 0.2283628779979145 0.45438748913987836 0.2356621480709072 0.38401390095569066 0.20333680917622524 0.38662033014769764 0.11366006256517205 0.40225890529973934 0.10218978102189781 0.4074717636837532 0.09071949947862357 0.4265855777584709 0.08967674661105318 0.4604691572545612 0.09384775808133472 0.48479582971329277
3 0.38894681960375393 0.575152041702867 0.3931178310740355 0.579496090356212 0.3931178310740355 0.5742832319721981 0.40250260688216893 0.5638575152041703 0.3931178310740355 0.5603822762814943 0.3785192909280501 0.5664639443961772 0.37643378519290926 0.5742832319721981 0.38894681960375393 0.575152041702867
3 0.8404588112617309 0.6281494352736751 0.8477580813347237 0.630755864465682 0.8498435870698645 0.5951346655082537 0.8477580813347237 0.5890529973935708 0.8425443169968717 0.5916594265855777 0.8394160583941606 0.5942658557775847 0.8404588112617309 0.6281494352736751
3 0.12408759124087591 0.6368375325803649 0.1261730969760167 0.6403127715030408 0.1334723670490094 0.6411815812337098 0.13451511991657977 0.5968722849695917 0.14077163712200208 0.5873153779322328 0.16684045881126175 0.58123370981755 0.1397288842544317 0.5742832319721981 0.1261730969760167 0.575152041702867 0.12304483837330553 0.577758470894874 0.12408759124087591 0.6368375325803649
3 0.7247132429614181 0.6863596872284969 0.7288842544316997 0.6759339704604691 0.7278415015641293 0.630755864465682 0.7393117831074035 0.6229365768896611 0.7580813347236706 0.6177237185056472 0.7841501564129302 0.6046915725456125 0.781021897810219 0.6003475238922675 0.7518248175182481 0.6012163336229366 0.7476538060479666 0.6107732406602954 0.7142857142857143 0.6151172893136403 0.7153284671532847 0.68375325803649 0.7247132429614181 0.6863596872284969
10 0 0.999131190269331 0.9989572471324296 0.999131190269331 0.9989572471324296 0 0 0 0 0.999131190269331
