5 0.11470281543274244 0.5091225021720243 0.16892596454640252 0.520417028670721 0.3524504692387904 0.5482189400521286 0.3858185610010428 0.5412684622067767 0.3931178310740355 0.5490877497827975 0.43899895724713245 0.5569070373588184 0.45359749739311783 0.5560382276281494 0.48279457768508866 0.5638575152041703 0.5589155370177268 0.576889661164205 0.5828988529718457 0.577758470894874 0.6266944734098019 0.5881841876629018 0.7111574556830031 0.5977410947002606 0.7434827945776851 0.5951346655082537 0.7559958289885297 0.58123370981755 0.7601668404588113 0.5430060816681147 0.7570385818561002 0.5282363162467419 0.7507820646506778 0.526498696785404 0.7403545359749739 0.5152041702867072 0.7028154327424401 0.5021720243266724 0.6965589155370178 0.4769765421372719 0.6746611053180397 0.4613379669852302 0.6465067778936392 0.4526498696785404 0.6110531803962461 0.45351867940920937 0.4608967674661105 0.4413553431798436 0.42231491136600624 0.4309296264118158 0.3034410844629823 0.419635099913119 0.1699687174139729 0.4361424847958297 0.12930135557872785 0.43440486533449174 0.10218978102189781 0.4396177237185056 0.08446298227320126 0.44743701129452645 0.08342022940563087 0.49782797567332754 0.11470281543274244 0.5091225021720243
0 0.22314911366006257 0.3344917463075586 0.23044838373305526 0.36750651607298 0.22523461939520334 0.4239791485664639 0.22940563086548488 0.42745438748913983 0.2638164754953076 0.420503909643788 0.6996871741397289 0.47437011294526493 0.7059436913451512 0.47871416159860986 0.7226277372262774 0.4578627280625543 0.7507820646506778 0.4413553431798436 0.7914494264859229 0.4257167680278019 0.8435870698644421 0.3640312771503041 0.8696558915537018 0.34839270199826233 0.8665276329509907 0.3414422241529105 0.872784150156413 0.3362293657688966 0.872784150156413 0.33275412684622063 0.8602711157455684 0.3258036490008688 0.859228362877998 0.3197219808861859 0.8508863399374349 0.3197219808861859 0.8435870698644421 0.3266724587315378 0.7653806047966633 0.30842745438748914 0.7393117831074035 0.29713292788879236 0.708029197080292 0.3101650738488271 0.6996871741397289 0.30582102519548215 0.7007299270072993 0.29278887923544744 0.6923879040667362 0.29105125977410945 0.6600625651720542 0.29278887923544744 0.6308654848800834 0.3023457862728062 0.6131386861313869 0.2980017376194613 0.6089676746611054 0.29278887923544744 0.5985401459854015 0.29192006950477845 0.5974973931178311 0.2980017376194613 0.589155370177268 0.3040834057341442 0.580813347236705 0.30582102519548215 0.5714285714285714 0.3023457862728062 0.5641293013555787 0.3092962641181581 0.5391032325338895 0.3040834057341442 0.5391032325338895 0.29278887923544744 0.5276329509906152 0.2875760208514335 0.49739311783107404 0.29105125977410945 0.429614181438999 0.29018245004344045 0.3910323253388947 0.27541268462206775 0.3597497393117831 0.27454387489139875 0.3482794577685089 0.2710686359687228 0.33680917622523465 0.2719374456993918 0.33263816475495306 0.2788879235447437 0.32116788321167883 0.2841007819287576 0.28779979144942647 0.29105125977410945 0.2805005213764338 0.2884448305821025 0.2721584984358707 0.2936576889661164 0.264859228362878 0.2936576889661164 0.26173096976016685 0.28583840139009553 0.20333680917622524 0.2849695916594266 0.20229405630865485 0.29192006950477845 0.22314911366006257 0.3344917463075586
3 0.8550573514077164 0.6203301476976542 0.859228362877998 0.6238053866203301 0.8654848800834203 0.6125108601216334 0.859228362877998 0.6064291920069504 0.8571428571428572 0.6090356211989574 0.859228362877998 0.6159860990443092 0.8550573514077164 0.6203301476976542
3 0.6006256517205423 0.6594265855777585 0.5881126173096977 0.6490008688097306 0.5797705943691346 0.6542137271937445 0.5818561001042754 0.6585577758470894 0.6006256517205423 0.6594265855777585
3 0.12930135557872785 0.6072980017376194 0.13138686131386862 0.6194613379669852 0.13660062565172054 0.6211989574283232 0.1543274244004171 0.6020851433536055 0.1543274244004171 0.5873153779322328 0.1397288842544317 0.58123370981755 0.11887382690302399 0.579496090356212 0.12200208550573514 0.5977410947002606 0.12930135557872785 0.6072980017376194
3 0.6986444212721585 0.7089487402258905 0.7090719499478624 0.7167680278019113 0.7059436913451512 0.7263249348392702 0.7132429614181439 0.7306689834926151 0.7205422314911366 0.7237185056472633 0.7205422314911366 0.7185056472632493 0.7299270072992701 0.7141615986099044 0.7372262773722628 0.7046046915725456 0.7424400417101147 0.678540399652476 0.7299270072992701 0.682015638575152 0.6955161626694474 0.6794092093831451 0.6934306569343066 0.6854908774978279 0.6986444212721585 0.7089487402258905
2 0.7049009384775808 0.5004344048653344 0.7403545359749739 0.5125977410947002 0.7570385818561002 0.525629887054735 0.7612095933263817 0.5534317984361424 0.7559958289885297 0.5916594265855777 0.7643378519290929 0.6029539530842745 0.767466110531804 0.6568201563857515 0.7622523461939521 0.6611642050390965 0.7716371220020856 0.6611642050390965 0.8300312825860271 0.6168549087749783 0.8477580813347237 0.6125108601216334 0.8550573514077164 0.6229365768896611 0.8623566214807091 0.6229365768896611 0.872784150156413 0.6133796698523023 0.8738269030239834 0.5960034752389226 0.8873826903023984 0.5690703735881841 0.9040667361835245 0.4126846220677671 0.8925964546402503 0.41615986099044305 0.8446298227320125 0.41615986099044305 0.7549530761209593 0.4413553431798436 0.7226277372262774 0.45873153779322323 0.7038581856100105 0.4839270199826238 0.7017726798748697 0.49782797567332754 0.7049009384775808 0.5004344048653344
4 0.13034410844629823 0.43353605560382275 0.16266944734098018 0.4352736750651607 0.22314911366006257 0.4283231972198088 0.22940563086548488 0.41615986099044305 0.23044838373305526 0.3788010425716768 0.15745568300312826 0.3814074717636837 0.1386861313868613 0.38575152041702865 0.1261730969760167 0.3970460469157254 0.12304483837330553 0.41789748045178104 0.13034410844629823 0.43353605560382275
1 0.11574556830031282 0.575152041702867 0.13138686131386862 0.5716768027801911 0.1699687174139729 0.5855777584708949 0.2429614181438999 0.5994787141615986 0.721584984358707 0.681146828844483 0.7434827945776851 0.6750651607298002 0.7643378519290929 0.6611642050390965 0.7643378519290929 0.6125108601216334 0.7612095933263817 0.5986099044309295 0.7549530761209593 0.5933970460469157 0.7382690302398331 0.5986099044309295 0.7153284671532847 0.6003475238922675 0.6611053180396246 0.5942658557775847 0.44004171011470283 0.5603822762814943 0.3847758081334724 0.5482189400521286 0.3753910323253389 0.5499565595134666 0.310740354535975 0.5447437011294526 0.2669447340980188 0.5360556038227627 0.22002085505735142 0.5317115551694178 0.12930135557872785 0.5125977410947002 0.10636079249217936 0.5099913119026933 0.10218978102189781 0.5143353605560382 0.10531803962460896 0.5647263249348392 0.11574556830031282 0.575152041702867
10 0 0.999131190269331 0.9989572471324296 0.999131190269331 0.9989572471324296 0 0 0 0 0.999131190269331
