0 0.2867570385818561 0.4578627280625543 0.41501564129301355 0.4604691572545612 0.4556830031282586 0.4552562988705473 0.5088633993743483 0.45351867940920937 0.516162669447341 0.45004344048653344 0.5245046923879041 0.45351867940920937 0.6611053180396246 0.4569939183318853 0.6725755995828989 0.43179843614248475 0.6923879040667362 0.41181581233709813 0.7090719499478624 0.40312771503040834 0.7382690302398331 0.40052128583840135 0.7705943691345152 0.4083405734144222 0.8279457768508863 0.4352736750651607 0.8373305526590198 0.43440486533449174 0.845672575599583 0.4257167680278019 0.872784150156413 0.3501303214596003 0.872784150156413 0.3414422241529105 0.859228362877998 0.32841007819287577 0.8498435870698645 0.32841007819287577 0.3295099061522419 0.34839270199826233 0.28258602711157454 0.43266724587315375 0.2773722627737226 0.4561251086012163 0.2867570385818561 0.4578627280625543
5 0.14702815432742442 0.5438748913987836 0.3295099061522419 0.5516941789748044 0.3597497393117831 0.5482189400521286 0.3743482794577685 0.5421372719374457 0.4035453597497393 0.5525629887054735 0.4337851929092805 0.5551694178974804 0.5849843587069865 0.5586446568201564 0.6329509906152242 0.5586446568201564 0.6517205422314911 0.5551694178974804 0.6579770594369134 0.46307558644656815 0.6412930135557873 0.45873153779322323 0.5484880083420229 0.45438748913987836 0.4723670490093848 0.4552562988705473 0.4233576642335767 0.4613379669852302 0.24191866527632952 0.4578627280625543 0.191866527632951 0.4596003475238922 0.11470281543274244 0.4761077324066029 0.10948905109489052 0.472632493483927 0.09697601668404589 0.47437011294526493 0.09697601668404589 0.523892267593397 0.14702815432742442 0.5438748913987836
1 0.1105318039624609 0.6090356211989574 0.11470281543274244 0.6125108601216334 0.11887382690302399 0.6107732406602954 0.13555787278415016 0.6159860990443092 0.6402502606882169 0.6455256298870548 0.656934306569343 0.6437880104257168 0.6496350364963503 0.6142484795829712 0.6496350364963503 0.5655951346655083 0.6527632950990615 0.5638575152041703 0.6454640250260688 0.5621198957428323 0.3660062565172054 0.5508253692441355 0.1981230448383733 0.5499565595134666 0.11991657977059438 0.5447437011294526 0.1105318039624609 0.5499565595134666 0.11366006256517205 0.5516941789748044 0.10740354535974975 0.5638575152041703 0.10636079249217936 0.5916594265855777 0.1105318039624609 0.6090356211989574
2 0.859228362877998 0.4291920069504778 0.8623566214807091 0.43353605560382275 0.8800834202294057 0.4309296264118158 0.8936392075078207 0.43440486533449174 0.9103232533889468 0.43353605560382275 0.9144942648592284 0.39617723718505643 0.9124087591240876 0.3796698523023458 0.8654848800834203 0.3796698523023458 0.8519290928050053 0.42137271937445697 0.8498435870698645 0.4283231972198088 0.859228362877998 0.4291920069504778
2 0.6527632950990615 0.6350999131190269 0.6579770594369134 0.6437880104257168 0.667361835245047 0.6472632493483926 0.6746611053180397 0.6698523023457862 0.6955161626694474 0.6707211120764552 0.6986444212721585 0.6507384882710686 0.7038581856100105 0.6472632493483926 0.8091762252346194 0.630755864465682 0.8498435870698645 0.6264118158123371 0.8561001042752868 0.6437880104257168 0.8759124087591241 0.6437880104257168 0.8779979144942649 0.6255430060816681 0.8925964546402503 0.6203301476976542 0.8978102189781022 0.6029539530842745 0.9113660062565172 0.43874891398783666 0.8800834202294057 0.4361424847958297 0.8613138686131387 0.43788010425716767 0.8571428571428572 0.4413553431798436 0.8362877997914494 0.4413553431798436 0.759124087591241 0.40660295395308427 0.7267987486965589 0.40139009556907035 0.7101147028154328 0.4048653344917463 0.6882168925964547 0.41702867072111205 0.6736183524504693 0.4352736750651607 0.662148070907195 0.46481320590790615 0.6548488008342023 0.5134665508253692 0.6506777893639207 0.5942658557775847 0.6527632950990615 0.6350999131190269
4 0.08759124087591241 0.6090356211989574 0.09176225234619395 0.6125108601216334 0.10114702815432743 0.6125108601216334 0.10948905109489052 0.6099044309296264 0.10948905109489052 0.5847089487402258 0.10636079249217936 0.5803649000868809 0.1105318039624609 0.5516941789748044 0.13764337851929093 0.5360556038227627 0.13660062565172054 0.5291051259774109 0.10531803962460896 0.5282363162467419 0.0959332638164755 0.520417028670721 0.0959332638164755 0.4874022589052997 0.12200208550573514 0.473501303214596 0.1835245046923879 0.4604691572545612 0.24817518248175183 0.4578627280625543 0.264859228362878 0.4613379669852302 0.2711157455683003 0.4456993918331885 0.21272158498435872 0.4239791485664639 0.17413972888425444 0.4144222415291051 0.15015641293013557 0.4135534317984361 0.13034410844629823 0.41702867072111205 0.1105318039624609 0.42745438748913983 0.09697601668404589 0.44309296264118153 0.08759124087591241 0.4682884448305821 0.08237747653806048 0.5030408340573415 0.08446298227320126 0.5951346655082537 0.08759124087591241 0.6090356211989574
3 0.859228362877998 0.6437880104257168 0.8759124087591241 0.6446568201563857 0.8769551616266945 0.6264118158123371 0.8550573514077164 0.629018245004344 0.8550573514077164 0.6385751520417028 0.859228362877998 0.6437880104257168
3 0.1261730969760167 0.6350999131190269 0.12930135557872785 0.6177237185056472 0.10531803962460896 0.6151172893136403 0.10531803962460896 0.6342311033883579 0.1261730969760167 0.6350999131190269
3 0.6736183524504693 0.6715899218071242 0.6976016684045881 0.6715899218071242 0.6996871741397289 0.6498696785403996 0.6704900938477582 0.6498696785403996 0.6694473409801878 0.6611642050390965 0.6736183524504693 0.6715899218071242
10 0 0.999131190269331 0.9989572471324296 0.999131190269331 0.9989572471324296 0 0 0 0 0.999131190269331
