0 0.3159541188738269 0.41702867072111205 0.3222106360792492 0.43266724587315375 0.3169968717413973 0.45873153779322323 0.32012513034410844 0.46481320590790615 0.42022940563086547 0.47002606429192006 0.5328467153284672 0.46915725456125107 0.5401459854014599 0.4682884448305821 0.5411887382690302 0.46394439617723715 0.5276329509906152 0.4422241529105126 0.5286757038581856 0.4309296264118158 0.5370177267987487 0.4074717636837532 0.5505735140771637 0.3970460469157254 0.5662148070907195 0.3918331885317115 0.602711157455683 0.3918331885317115 0.616266944734098 0.3788010425716768 0.6548488008342023 0.37185056472632494 0.8258602711157456 0.3761946133796698 0.8289885297184567 0.3735881841876629 0.8342022940563086 0.3292788879235447 0.821689259645464 0.31711555169417893 0.7956204379562044 0.314509122502172 0.643378519290928 0.32841007819287577 0.5578727841501564 0.3310165073848827 0.5370177267987487 0.33362293657688963 0.5286757038581856 0.33883579496090355 0.4483837330552659 0.3449174630755864 0.38164754953076124 0.34926151172893133 0.3347236704900939 0.34839270199826233 0.32533889468196037 0.3518679409209383 0.31282586027111575 0.3822762814943527 0.30552659019812306 0.4109470026064292 0.3159541188738269 0.41702867072111205
5 0.09906152241918666 0.5178105994787141 0.13451511991657977 0.526498696785404 0.4796663190823775 0.5516941789748044 0.5818561001042754 0.5543006081668115 0.607924921793535 0.5499565595134666 0.602711157455683 0.472632493483927 0.5683003128258602 0.47523892267593393 0.5401459854014599 0.470894874022589 0.18873826903023982 0.46394439617723715 0.11574556830031282 0.4665508253692441 0.09071949947862357 0.472632493483927 0.0886339937434828 0.4769765421372719 0.0886339937434828 0.5117289313640313 0.09906152241918666 0.5178105994787141
1 0.11574556830031282 0.5673327541268461 0.6120959332638165 0.6194613379669852 0.607924921793535 0.6142484795829712 0.6100104275286757 0.5638575152041703 0.602711157455683 0.5560382276281494 0.3670490093847758 0.5447437011294526 0.12200208550573514 0.524761077324066 0.11157455683003129 0.526498696785404 0.10740354535974975 0.5325803649000869 0.1032325338894682 0.5638575152041703 0.11574556830031282 0.5673327541268461
2 0.6475495307612096 0.6255430060816681 0.6704900938477582 0.6255430060816681 0.8143899895724713 0.5968722849695917 0.8185610010427529 0.6046915725456125 0.8196037539103233 0.6342311033883579 0.8237747653806048 0.6403127715030408 0.8279457768508863 0.6403127715030408 0.835245046923879 0.6350999131190269 0.835245046923879 0.5994787141615986 0.8394160583941606 0.5925282363162467 0.9113660062565172 0.577758470894874 0.9176225234619395 0.40573414422241527 0.9144942648592284 0.38575152041702865 0.6704900938477582 0.3727193744569939 0.6402502606882169 0.37532580364900087 0.6173096976016684 0.3814074717636837 0.6100104275286757 0.39009556907037357 0.6089676746611054 0.39965247610773236 0.6120959332638165 0.6194613379669852 0.6475495307612096 0.6255430060816681
4 0.24087591240875914 0.4083405734144222 0.28884254431699685 0.4109470026064292 0.29718456725756 0.4109470026064292 0.3034410844629823 0.4039965247610773 0.24087591240875914 0.40225890529973934 0.23461939520333683 0.4039965247610773 0.24087591240875914 0.4083405734144222
4 0.08967674661105318 0.5647263249348392 0.10427528675703858 0.5647263249348392 0.10427528675703858 0.5212858384013901 0.08759124087591241 0.5143353605560382 0.08446298227320126 0.5021720243266724 0.08446298227320126 0.5603822762814943 0.08967674661105318 0.5647263249348392
4 0.11991657977059438 0.46307558644656815 0.10636079249217936 0.44309296264118153 0.10636079249217936 0.4291920069504778 0.11574556830031282 0.4100781928757602 0.12825860271115747 0.40225890529973934 0.15295538115361396 0.40143582239700026 0.15224191866527634 0.39965247610773236 0.0959332638164755 0.3987836663770634 0.08759124087591241 0.39965247610773236 0.08133472367049009 0.4048653344917463 0.08446298227320126 0.5004344048653344 0.08446298227320126 0.48566463944396177 0.09071949947862357 0.470894874022589 0.11991657977059438 0.46307558644656815
3 0.16371220020855057 0.6159860990443092 0.1710114702815433 0.6099044309296264 0.17309697601668406 0.576889661164205 0.1699687174139729 0.573414422241529 0.15224191866527634 0.5725456125108601 0.1543274244004171 0.6107732406602954 0.16371220020855057 0.6159860990443092
3 0.8227320125130344 0.6411815812337098 0.8331595411887383 0.6403127715030408 0.8383733055265902 0.5951346655082537 0.8164754953076121 0.5986099044309295 0.8196037539103233 0.6385751520417028 0.8227320125130344 0.6411815812337098
3 0.6381647549530761 0.6863596872284969 0.6475495307612096 0.6854908774978279 0.6517205422314911 0.680278019113814 0.6558915537017727 0.6281494352736751 0.6527632950990615 0.6255430060816681 0.6266944734098019 0.6246741963509991 0.6308654848800834 0.682015638575152 0.6381647549530761 0.6863596872284969
10 0 0.999131190269331 0.9989572471324296 0.999131190269331 0.9989572471324296 0 0 0 0 0.999131190269331
