0 0.1386861313868613 0.4439617723718505 0.2064650677789364 0.4422241529105126 0.21063607924921793 0.4361424847958297 0.2283628779979145 0.4422241529105126 0.2898852971845673 0.4396177237185056 0.29718456725756 0.43179843614248475 0.3013555787278415 0.41876629018245004 0.29718456725756 0.3727193744569939 0.14285714285714285 0.3735881841876629 0.10218978102189781 0.37098175499565594 0.10531803962460896 0.4526498696785404 0.1386861313868613 0.4439617723718505
0 0.30761209593326383 0.4404865334491746 0.5213764337851929 0.44830582102519545 0.5338894681960376 0.45438748913987836 0.5359749739311783 0.4769765421372719 0.5505735140771637 0.47871416159860986 0.5735140771637122 0.47002606429192006 0.5755995828988529 0.3927019982623805 0.5787278415015642 0.3735881841876629 0.5839416058394161 0.36837532580364896 0.6152241918665277 0.37445699391833187 0.8070907194994786 0.38053866203301473 0.8164754953076121 0.3779322328410078 0.8185610010427529 0.3735881841876629 0.8175182481751825 0.31798436142484793 0.808133472367049 0.314509122502172 0.7914494264859229 0.31798436142484793 0.45359749739311783 0.33796698523023455 0.4473409801876955 0.3423110338835795 0.429614181438999 0.3414422241529105 0.3654848800834202 0.34839270199826233 0.3232533889468196 0.3466550825369244 0.3159541188738269 0.35447437011294525 0.3044838373305527 0.3953084274543875 0.3034410844629823 0.4291920069504778 0.30761209593326383 0.4404865334491746
2 0.5839416058394161 0.6185925282363162 0.5922836287799792 0.6229365768896611 0.6058394160583942 0.627280625543006 0.6183524504692388 0.6220677671589921 0.8654848800834203 0.579496090356212 0.8738269030239834 0.5855777584708949 0.8738269030239834 0.6099044309296264 0.8790406673618353 0.6020851433536055 0.8790406673618353 0.5829713292788878 0.8905109489051095 0.576020851433536 0.9113660062565172 0.5708079930495221 0.9186652763295099 0.522154648132059 0.9176225234619395 0.41702867072111205 0.913451511991658 0.3927019982623805 0.9040667361835245 0.3788010425716768 0.8508863399374349 0.38401390095569066 0.8008342022940563 0.3831450912250217 0.6152241918665277 0.3761946133796698 0.5881126173096977 0.37098175499565594 0.580813347236705 0.3788010425716768 0.5776850886339937 0.4239791485664639 0.5776850886339937 0.5916594265855777 0.5839416058394161 0.6185925282363162
4 0.08446298227320126 0.520417028670721 0.0886339937434828 0.525629887054735 0.09489051094890512 0.526498696785404 0.09489051094890512 0.48566463944396177 0.0886339937434828 0.46872284969591654 0.09489051094890512 0.4561251086012163 0.10114702815432743 0.4526498696785404 0.10114702815432743 0.40225890529973934 0.09801876955161627 0.3944396177237185 0.08133472367049009 0.3935708079930495 0.08133472367049009 0.5021720243266724 0.08446298227320126 0.520417028670721
5 0.09697601668404589 0.4839270199826238 0.10740354535974975 0.4865334491746307 0.20333680917622524 0.4926151172893136 0.3399374348279458 0.5091225021720243 0.35662148070907196 0.5082536924413553 0.49635036496350365 0.527367506516073 0.5599582898852972 0.5403996524761077 0.5724713242961418 0.5377932232841007 0.5724713242961418 0.47958297132927885 0.5464025026068822 0.48218940052128584 0.5328467153284672 0.4778453518679409 0.529718456725756 0.45438748913987836 0.5255474452554745 0.4509122502172024 0.2586027111574557 0.4422241529105126 0.14911366006256518 0.4465682015638575 0.09906152241918666 0.4552562988705473 0.08967674661105318 0.4596003475238922 0.0886339937434828 0.4674196350999131 0.09697601668404589 0.4839270199826238
1 0.10114702815432743 0.5291051259774109 0.5818561001042754 0.6194613379669852 0.5766423357664233 0.6055603822762815 0.5755995828988529 0.5560382276281494 0.5714285714285714 0.5421372719374457 0.3691345151199166 0.5125977410947002 0.20125130344108447 0.49435273675065156 0.09801876955161627 0.4874022589052997 0.09801876955161627 0.525629887054735 0.10114702815432743 0.5291051259774109
3 0.10948905109489052 0.5638575152041703 0.11574556830031282 0.5638575152041703 0.11678832116788321 0.5325803649000869 0.10844629822732013 0.5299739357080799 0.10740354535974975 0.5603822762814943 0.10948905109489052 0.5638575152041703
3 0.8769551616266945 0.627280625543006 0.8800834202294057 0.6238053866203301 0.8821689259645464 0.5803649000868809 0.8738269030239834 0.579496090356212 0.8706986444212722 0.5829713292788878 0.867570385818561 0.6238053866203301 0.8769551616266945 0.627280625543006
3 0.6089676746611054 0.6863596872284969 0.6152241918665277 0.678540399652476 0.6141814389989573 0.6264118158123371 0.6037539103232534 0.6264118158123371 0.5985401459854015 0.6298870547350129 0.5985401459854015 0.682884448305821 0.6089676746611054 0.6863596872284969
10 0 0.999131190269331 0.9989572471324296 0.999131190269331 0.9989572471324296 0 0 0 0 0.999131190269331
