0 0.23253388946819603 0.4569939183318853 0.2721584984358707 0.45438748913987836 0.38686131386861317 0.4569939183318853 0.456725755995829 0.46394439617723715 0.5005213764337852 0.473501303214596 0.5265901981230449 0.473501303214596 0.5724713242961418 0.4674196350999131 0.7111574556830031 0.4682884448305821 0.7685088633993744 0.472632493483927 0.7737226277372263 0.46915725456125107 0.7778936392075079 0.44743701129452645 0.7872784150156413 0.43179843614248475 0.8102189781021898 0.41789748045178104 0.835245046923879 0.4152910512597741 0.845672575599583 0.4109470026064292 0.8529718456725757 0.38053866203301473 0.8550573514077164 0.3266724587315378 0.7966631908237748 0.3205907906168549 0.6193952033368092 0.3197219808861859 0.5245046923879041 0.32406602953953084 0.410844629822732 0.31711555169417893 0.25443169968717416 0.3205907906168549 0.2492179353493222 0.32406602953953084 0.23983315954118875 0.35621198957428324 0.22940563086548488 0.4092093831450912 0.2273201251303441 0.4465682015638575 0.23253388946819603 0.4569939183318853
5 0.09489051094890512 0.5412684622067767 0.2429614181438999 0.5464813205907906 0.251303441084463 0.5499565595134666 0.28258602711157454 0.5482189400521286 0.35036496350364965 0.5516941789748044 0.3920750782064651 0.5490877497827975 0.3993743482794578 0.5430060816681147 0.41397288842544316 0.5438748913987836 0.41501564129301355 0.5499565595134666 0.43169968717413976 0.5543006081668115 0.6642335766423357 0.5699391833188532 0.7278415015641293 0.5690703735881841 0.7695516162669448 0.5534317984361424 0.7705943691345152 0.47958297132927885 0.7601668404588113 0.47437011294526493 0.7361835245046924 0.471763683753258 0.6006256517205423 0.4682884448305821 0.5088633993743483 0.4778453518679409 0.4171011470281543 0.4613379669852302 0.264859228362878 0.4569939183318853 0.132429614181439 0.47523892267593393 0.09384775808133472 0.4874022589052997 0.08237747653806048 0.4986967854039965 0.08133472367049009 0.5291051259774109 0.09489051094890512 0.5412684622067767
1 0.10218978102189781 0.575152041702867 0.15641293013555788 0.58123370981755 0.7372262773722628 0.6116420503909643 0.7789363920750783 0.5986099044309295 0.781021897810219 0.5933970460469157 0.772679874869656 0.5655951346655083 0.7664233576642336 0.5603822762814943 0.10531803962460896 0.5403996524761077 0.09697601668404589 0.5490877497827975 0.0959332638164755 0.5647263249348392 0.10218978102189781 0.575152041702867
2 0.7799791449426486 0.5873153779322328 0.7883211678832117 0.5960034752389226 0.7987486965589156 0.5994787141615986 0.8258602711157456 0.5916594265855777 0.8362877997914494 0.6099044309296264 0.835245046923879 0.6298870547350129 0.8404588112617309 0.63249348392702 0.8415015641293013 0.5873153779322328 0.9009384775808134 0.5655951346655083 0.9103232533889468 0.5508253692441355 0.9186652763295099 0.46394439617723715 0.9176225234619395 0.4239791485664639 0.9124087591240876 0.4092093831450912 0.8967674661105318 0.40225890529973934 0.886339937434828 0.40312771503040834 0.8112617309697602 0.42224152910512597 0.7904066736183525 0.43179843614248475 0.7799791449426486 0.44830582102519545 0.772679874869656 0.49695916594265854 0.7716371220020856 0.5499565595134666 0.7799791449426486 0.5873153779322328
4 0.09071949947862357 0.4900086880973067 0.14077163712200208 0.47523892267593393 0.2210636079249218 0.4604691572545612 0.2283628779979145 0.3927019982623805 0.11261730969760167 0.40573414422241527 0.0959332638164755 0.4152910512597741 0.0886339937434828 0.43266724587315375 0.08759124087591241 0.48132059079061684 0.09071949947862357 0.4900086880973067
3 0.580813347236705 0.6472632493483926 0.5933263816475496 0.6446568201563857 0.5881126173096977 0.6368375325803649 0.580813347236705 0.6394439617723718 0.580813347236705 0.6472632493483926
3 0.8373305526590198 0.6281494352736751 0.8342022940563086 0.6298870547350129 0.8362877997914494 0.6333622936576889 0.8425443169968717 0.6333622936576889 0.8415015641293013 0.5942658557775847 0.8373305526590198 0.5916594265855777 0.8342022940563086 0.6003475238922675 0.8373305526590198 0.6281494352736751
3 0.5057351407716372 0.6498696785403996 0.5182481751824818 0.6403127715030408 0.5140771637122002 0.6333622936576889 0.5078206465067779 0.6316246741963509 0.49739311783107404 0.63249348392702 0.4807090719499479 0.6411815812337098 0.48383733055265904 0.6481320590790617 0.5057351407716372 0.6498696785403996
3 0.12408759124087591 0.6455256298870548 0.1334723670490094 0.6437880104257168 0.132429614181439 0.5968722849695917 0.16371220020855057 0.5847089487402258 0.17205422314911367 0.5847089487402258 0.12304483837330553 0.579496090356212 0.12095933263816476 0.6194613379669852 0.12408759124087591 0.6455256298870548
3 0.7194994786235662 0.682884448305821 0.7226277372262774 0.682884448305821 0.7288842544316997 0.682015638575152 0.7299270072992701 0.6768027801911382 0.7320125130344108 0.6255430060816681 0.7747653806047967 0.6072980017376194 0.7893639207507821 0.6055603822762815 0.7935349322210636 0.6012163336229366 0.7820646506777894 0.5960034752389226 0.7382690302398331 0.6116420503909643 0.7194994786235662 0.6107732406602954 0.7184567257559958 0.6707211120764552 0.7194994786235662 0.682884448305821
10 0 0.999131190269331 0.9989572471324296 0.999131190269331 0.9989572471324296 0 0 0 0 0.999131190269331
