0 0.30761209593326383 0.4526498696785404 0.31386861313868614 0.46481320590790615 0.31908237747653806 0.4665508253692441 0.45151199165797706 0.472632493483927 0.6068821689259646 0.471763683753258 0.6204379562043796 0.4682884448305821 0.6266944734098019 0.4761077324066029 0.6256517205422315 0.48045178105994785 0.6402502606882169 0.48132059079061684 0.6538060479666319 0.4769765421372719 0.6684045881126174 0.4769765421372719 0.6850886339937435 0.4083405734144222 0.7049009384775808 0.3987836663770634 0.7236704900938478 0.39617723718505643 0.7977059436913452 0.3953084274543875 0.8102189781021898 0.3979148566463944 0.8123044838373306 0.3831450912250217 0.8102189781021898 0.37185056472632494 0.7831074035453598 0.35881841876629017 0.7540594369134516 0.35881841876629017 0.6663190823774765 0.3475238922675934 0.6360792492179353 0.36750651607298 0.5599582898852972 0.36750651607298 0.5192909280500522 0.37098175499565594 0.46923879040667366 0.36924413553431795 0.32429614181439 0.37532580364900087 0.30031282586027114 0.3788010425716768 0.29197080291970806 0.38748913987836664 0.2909280500521377 0.3944396177237185 0.30761209593326383 0.4526498696785404
4 0.10218978102189781 0.5638575152041703 0.12304483837330553 0.5612510860121633 0.12721584984358708 0.5586446568201564 0.14911366006256518 0.4769765421372719 0.13764337851929093 0.42745438748913983 0.13034410844629823 0.4092093831450912 0.12408759124087591 0.40660295395308427 0.09280500521376434 0.4083405734144222 0.08133472367049009 0.41615986099044305 0.08342022940563087 0.5551694178974804 0.10218978102189781 0.5638575152041703
5 0.14494264859228365 0.5134665508253692 0.6287799791449427 0.5343179843614249 0.6652763295099061 0.5334491746307558 0.6694473409801878 0.4926151172893136 0.6694473409801878 0.4865334491746307 0.6642335766423357 0.48132059079061684 0.6360792492179353 0.48566463944396177 0.6068821689259646 0.471763683753258 0.4056308654848801 0.47437011294526493 0.31908237747653806 0.4682884448305821 0.19499478623566216 0.471763683753258 0.16892596454640252 0.48045178105994785 0.15328467153284672 0.4778453518679409 0.1386861313868613 0.4865334491746307 0.1386861313868613 0.5091225021720243 0.14494264859228365 0.5134665508253692
2 0.667361835245047 0.5612510860121633 0.6663190823774765 0.5916594265855777 0.6725755995828989 0.5951346655082537 0.772679874869656 0.5968722849695917 0.9103232533889468 0.5716768027801911 0.9144942648592284 0.5603822762814943 0.9176225234619395 0.473501303214596 0.9176225234619395 0.4300608166811468 0.913451511991658 0.4100781928757602 0.8936392075078207 0.4039965247610773 0.8561001042752868 0.40139009556907035 0.7403545359749739 0.3979148566463944 0.6986444212721585 0.40312771503040834 0.6871741397288843 0.4109470026064292 0.6830031282586028 0.42137271937445697 0.6725755995828989 0.473501303214596 0.6684045881126174 0.5299739357080799 0.6715328467153285 0.5534317984361424 0.667361835245047 0.5612510860121633
1 0.11157455683003129 0.5421372719374457 0.09906152241918666 0.5551694178974804 0.08759124087591241 0.5577758470894874 0.1032325338894682 0.5612510860121633 0.708029197080292 0.5986099044309295 0.7413972888425443 0.5968722849695917 0.7413972888425443 0.5881841876629018 0.735140771637122 0.5838401390095569 0.7122002085505735 0.5829713292788878 0.7028154327424401 0.5925282363162467 0.6955161626694474 0.5925282363162467 0.6861313868613139 0.5847089487402258 0.6746611053180397 0.5838401390095569 0.6746611053180397 0.5708079930495221 0.6694473409801878 0.5647263249348392 0.6725755995828989 0.5560382276281494 0.6652763295099061 0.5360556038227627 0.15641293013555788 0.5152041702867072 0.11991657977059438 0.522154648132059 0.12408759124087591 0.5369244135534318 0.11157455683003129 0.5421372719374457
3 0.899895724713243 0.5890529973935708 0.899895724713243 0.6194613379669852 0.9030239833159541 0.6194613379669852 0.9040667361835245 0.5864465682015638 0.899895724713243 0.577758470894874 0.8915537017726799 0.577758470894874 0.899895724713243 0.5890529973935708
3 0.09801876955161627 0.6003475238922675 0.10010427528675704 0.5716768027801911 0.11366006256517205 0.5638575152041703 0.09489051094890512 0.5629887054735012 0.09489051094890512 0.5994787141615986 0.09801876955161627 0.6003475238922675
3 0.46715328467153283 0.6116420503909643 0.4734098018769552 0.6029539530842745 0.4723670490093848 0.5873153779322328 0.45881126173096975 0.5838401390095569 0.45776850886339937 0.6055603822762815 0.46715328467153283 0.6116420503909643
3 0.7445255474452555 0.6472632493483926 0.7507820646506778 0.6524761077324066 0.7539103232533889 0.6490008688097306 0.7549530761209593 0.6159860990443092 0.7580813347236706 0.6081668114682884 0.7695516162669448 0.5986099044309295 0.7174139728884255 0.6012163336229366 0.7403545359749739 0.6133796698523023 0.7445255474452555 0.6472632493483926
10 0 0.999131190269331 0.9989572471324296 0.999131190269331 0.9989572471324296 0 0 0 0 0.999131190269331
