0 0.30552659019812306 0.4552562988705473 0.3149113660062565 0.4674196350999131 0.4421272158498436 0.47437011294526493 0.4984358706986444 0.471763683753258 0.6120959332638165 0.473501303214596 0.6423357664233577 0.36924413553431795 0.6329509906152242 0.366637706342311 0.5203336809176226 0.37098175499565594 0.46923879040667366 0.36924413553431795 0.3295099061522419 0.37532580364900087 0.30031282586027114 0.3788010425716768 0.29197080291970806 0.38575152041702865 0.29197080291970806 0.39965247610773236 0.30552659019812306 0.4552562988705473
2 0.667361835245047 0.5560382276281494 0.6663190823774765 0.578627280625543 0.6694473409801878 0.5925282363162467 0.6777893639207508 0.5960034752389226 0.772679874869656 0.5968722849695917 0.9113660062565172 0.5716768027801911 0.9176225234619395 0.5021720243266724 0.9144942648592284 0.4109470026064292 0.894681960375391 0.4039965247610773 0.8331595411887383 0.40052128583840135 0.7247132429614181 0.3987836663770634 0.6955161626694474 0.4048653344917463 0.6871741397288843 0.4100781928757602 0.6746611053180397 0.45873153779322323 0.6684045881126174 0.5317115551694178 0.6715328467153285 0.5516941789748044 0.667361835245047 0.5560382276281494
4 0.09801876955161627 0.5621198957428323 0.09801876955161627 0.578627280625543 0.10010427528675704 0.5655951346655083 0.12721584984358708 0.5595134665508253 0.14911366006256518 0.472632493483927 0.12930135557872785 0.4074717636837532 0.0959332638164755 0.4074717636837532 0.08133472367049009 0.41615986099044305 0.08342022940563087 0.5551694178974804 0.09801876955161627 0.5621198957428323
5 0.14598540145985403 0.5143353605560382 0.6423357664233577 0.5343179843614249 0.6642335766423357 0.5334491746307558 0.6663190823774765 0.525629887054735 0.667361835245047 0.48218940052128584 0.6266944734098019 0.48479582971329277 0.6058394160583942 0.471763683753258 0.44525547445255476 0.47523892267593393 0.3305526590198123 0.4682884448305821 0.27007299270072993 0.4682884448305821 0.191866527632951 0.471763683753258 0.1710114702815433 0.48045178105994785 0.14702815432742442 0.4778453518679409 0.1386861313868613 0.4839270199826238 0.1386861313868613 0.5125977410947002 0.14598540145985403 0.5143353605560382
1 0.1334723670490094 0.5621198957428323 0.45255474452554745 0.5838401390095569 0.708029197080292 0.5977410947002606 0.7267987486965589 0.5951346655082537 0.721584984358707 0.5899218071242398 0.6986444212721585 0.5899218071242398 0.6746611053180397 0.5647263249348392 0.6767466110531805 0.5603822762814943 0.6725755995828989 0.5482189400521286 0.6757038581856101 0.5464813205907906 0.6611053180396246 0.5369244135534318 0.6506777893639207 0.5351867940920938 0.1553701772679875 0.5152041702867072 0.13451511991657977 0.5186794092093832 0.12825860271115747 0.5291051259774109 0.12095933263816476 0.5603822762814943 0.1334723670490094 0.5621198957428323
3 0.09906152241918666 0.6003475238922675 0.09906152241918666 0.576020851433536 0.10636079249217936 0.5655951346655083 0.11470281543274244 0.5638575152041703 0.09489051094890512 0.5621198957428323 0.09384775808133472 0.5951346655082537 0.09906152241918666 0.6003475238922675
3 0.8988529718456726 0.5907906168549087 0.899895724713243 0.6194613379669852 0.9030239833159541 0.6194613379669852 0.9040667361835245 0.5855777584708949 0.9030239833159541 0.577758470894874 0.8988529718456726 0.576889661164205 0.8905109489051095 0.577758470894874 0.8988529718456726 0.5907906168549087
3 0.46923879040667366 0.6116420503909643 0.4734098018769552 0.6029539530842745 0.4723670490093848 0.5847089487402258 0.45881126173096975 0.5838401390095569 0.45985401459854014 0.6099044309296264 0.46923879040667366 0.6116420503909643
3 0.7257559958289885 0.6029539530842745 0.7393117831074035 0.6107732406602954 0.7445255474452555 0.6246741963509991 0.7445255474452555 0.6507384882710686 0.7528675703858185 0.6516072980017376 0.7539103232533889 0.6238053866203301 0.7632950990615225 0.6038227628149435 0.7695516162669448 0.5986099044309295 0.7194994786235662 0.6012163336229366 0.7163712200208551 0.6020851433536055 0.7257559958289885 0.6029539530842745
10 0 0.999131190269331 0.9989572471324296 0.999131190269331 0.9989572471324296 0 0 0 0 0.999131190269331
