0 0.2356621480709072 0.4604691572545612 0.23357664233576642 0.4665508253692441 0.2367049009384776 0.47002606429192006 0.2721584984358707 0.47437011294526493 0.4734098018769552 0.48218940052128584 0.49530761209593327 0.48132059079061684 0.502606882168926 0.47523892267593393 0.5036496350364964 0.44917463075586445 0.5119916579770595 0.4396177237185056 0.5380604796663191 0.35273675065160726 0.5349322210636079 0.3449174630755864 0.43239520333680914 0.3501303214596003 0.3295099061522419 0.3501303214596003 0.27632950990615224 0.34317984361424847 0.27007299270072993 0.3449174630755864 0.26277372262773724 0.4074717636837532 0.2356621480709072 0.4604691572545612
0 0.5099061522419187 0.46915725456125107 0.5140771637122002 0.47958297132927885 0.5380604796663191 0.48479582971329277 0.6996871741397289 0.4926151172893136 0.7497393117831074 0.4917463075586446 0.7549530761209593 0.4674196350999131 0.7632950990615225 0.45351867940920937 0.7841501564129302 0.4370112945264987 0.8018769551616267 0.4283231972198088 0.8112617309697602 0.41615986099044305 0.8321167883211679 0.3622936576889661 0.8310740354535975 0.35534317984361424 0.8164754953076121 0.35273675065160726 0.6892596454640251 0.3570807993049522 0.6068821689259646 0.35273675065160726 0.5516162669447341 0.34317984361424847 0.5453597497393118 0.3449174630755864 0.543274244004171 0.3518679409209383 0.5349322210636079 0.4126846220677671 0.5099061522419187 0.46915725456125107
5 0.09697601668404589 0.5847089487402258 0.1032325338894682 0.5951346655082537 0.10427528675703858 0.6090356211989574 0.11261730969760167 0.6142484795829712 0.6882168925964547 0.6524761077324066 0.7132429614181439 0.6507384882710686 0.7340980187695516 0.6542137271937445 0.7403545359749739 0.6507384882710686 0.7476538060479666 0.5873153779322328 0.7424400417101147 0.5152041702867072 0.7466110531803962 0.5125977410947002 0.748696558915537 0.5004344048653344 0.7424400417101147 0.49695916594265854 0.20333680917622524 0.472632493483927 0.16058394160583941 0.4769765421372719 0.11887382690302399 0.48566463944396177 0.10531803962460896 0.4926151172893136 0.09801876955161627 0.5030408340573415 0.09489051094890512 0.5152041702867072 0.09697601668404589 0.5847089487402258
2 0.7466110531803962 0.6411815812337098 0.7497393117831074 0.6472632493483926 0.7653806047966633 0.6516072980017376 0.7789363920750783 0.6507384882710686 0.7904066736183525 0.6455256298870548 0.7966631908237748 0.6516072980017376 0.7977059436913452 0.6629018245004343 0.8050052137643379 0.6576889661164205 0.8018769551616267 0.6542137271937445 0.8070907194994786 0.6403127715030408 0.8738269030239834 0.6194613379669852 0.8821689259645464 0.6159860990443092 0.8905109489051095 0.6055603822762815 0.9176225234619395 0.44309296264118153 0.9176225234619395 0.41181581233709813 0.9124087591240876 0.3970460469157254 0.9030239833159541 0.3892267593397046 0.8905109489051095 0.3892267593397046 0.8227320125130344 0.419635099913119 0.772679874869656 0.44830582102519545 0.7559958289885297 0.472632493483927 0.748696558915537 0.5169417897480452 0.7507820646506778 0.576889661164205 0.7466110531803962 0.6411815812337098
4 0.0886339937434828 0.6090356211989574 0.10636079249217936 0.6099044309296264 0.10844629822732013 0.5977410947002606 0.10218978102189781 0.5960034752389226 0.09489051094890512 0.58123370981755 0.09384775808133472 0.524761077324066 0.09906152241918666 0.4986967854039965 0.11157455683003129 0.4882710686359687 0.13138686131386862 0.48132059079061684 0.22523461939520334 0.47002606429192006 0.25547445255474455 0.4135534317984361 0.26173096976016685 0.36924413553431795 0.24713242961418144 0.36837532580364896 0.22940563086548488 0.3727193744569939 0.10844629822732013 0.41876629018245004 0.09071949947862357 0.43179843614248475 0.08237747653806048 0.4561251086012163 0.08446298227320126 0.5916594265855777 0.0886339937434828 0.6090356211989574
3 0.2950990615224192 0.6446568201563857 0.29301355578727845 0.629018245004344 0.28154327424400416 0.6264118158123371 0.2846715328467153 0.6446568201563857 0.2950990615224192 0.6446568201563857
3 0.8060479666319083 0.6768027801911382 0.8060479666319083 0.6455256298870548 0.7956204379562044 0.6463944396177237 0.7966631908237748 0.6741963509991311 0.8060479666319083 0.6768027801911382
3 0.14494264859228365 0.678540399652476 0.16684045881126175 0.6194613379669852 0.15224191866527634 0.6194613379669852 0.13660062565172054 0.6672458731537793 0.13451511991657977 0.678540399652476 0.14494264859228365 0.678540399652476
3 0.7090719499478624 0.7185056472632493 0.7174139728884255 0.7185056472632493 0.7153284671532847 0.6576889661164205 0.7132429614181439 0.6542137271937445 0.6986444212721585 0.6533449174630755 0.7059436913451512 0.7132927888792354 0.7090719499478624 0.7185056472632493
10 0 0.999131190269331 0.9989572471324296 0.999131190269331 0.9989572471324296 0 0 0 0 0.999131190269331
