0 0.2638164754953076 0.40573414422241527 0.2638164754953076 0.4152910512597741 0.2575599582898853 0.41789748045178104 0.2523461939520334 0.4422241529105126 0.27632950990615224 0.4439617723718505 0.2909280500521377 0.3796698523023458 0.29927007299270075 0.36750651607298 0.443169968717414 0.3779322328410078 0.45255474452554745 0.3822762814943527 0.4556830031282586 0.3892267593397046 0.4546402502606882 0.4074717636837532 0.44629822732012514 0.4248479582971329 0.4410844629822732 0.4561251086012163 0.44421272158498437 0.4622067767158992 0.5119916579770595 0.472632493483927 0.5599582898852972 0.47002606429192006 0.570385818561001 0.40573414422241527 0.5745568300312826 0.3944396177237185 0.5828988529718457 0.38662033014769764 0.7267987486965589 0.3979148566463944 0.7445255474452555 0.3953084274543875 0.7622523461939521 0.40312771503040834 0.7643378519290929 0.41876629018245004 0.7497393117831074 0.46481320590790615 0.7497393117831074 0.4839270199826238 0.7643378519290929 0.4874022589052997 0.7685088633993744 0.4830582102519548 0.7778936392075079 0.43266724587315375 0.7914494264859229 0.4109470026064292 0.821689259645464 0.39617723718505643 0.8488008342022941 0.39009556907037357 0.886339937434828 0.3892267593397046 0.8905109489051095 0.38488271068635965 0.8905109489051095 0.37098175499565594 0.8800834202294057 0.35534317984361424 0.8623566214807091 0.3449174630755864 0.845672575599583 0.3414422241529105 0.6225234619395204 0.3310165073848827 0.5755995828988529 0.3310165073848827 0.5599582898852972 0.3362293657688966 0.5307612095933264 0.3266724587315378 0.30656934306569344 0.315377932232841 0.29301355578727845 0.31798436142484793 0.2857142857142857 0.3266724587315378 0.278415015641293 0.34317984361424847 0.27632950990615224 0.3640312771503041 0.25651720542231493 0.39009556907037357 0.2575599582898853 0.40139009556907035 0.2638164754953076 0.40573414422241527
4 0.14077163712200208 0.4613379669852302 0.20229405630865485 0.45351867940920937 0.24817518248175183 0.44309296264118153 0.27007299270072993 0.35621198957428324 0.26277372262773724 0.3475238922675934 0.2492179353493222 0.3449174630755864 0.1699687174139729 0.3518679409209383 0.1334723670490094 0.3605560382276281 0.12304483837330553 0.36924413553431795 0.11887382690302399 0.38053866203301473 0.11887382690302399 0.4578627280625543 0.14077163712200208 0.4613379669852302
2 0.7716371220020856 0.523892267593397 0.799791449426486 0.5308427454387489 0.8091762252346194 0.5403996524761077 0.8050052137643379 0.5881841876629018 0.8102189781021898 0.5916594265855777 0.8112617309697602 0.6020851433536055 0.8185610010427529 0.6029539530842745 0.8477580813347237 0.5925282363162467 0.8519290928050053 0.6030781928757601 0.8519290928050053 0.627280625543006 0.8623566214807091 0.6281494352736751 0.8623566214807091 0.5933970460469157 0.872784150156413 0.5847089487402258 0.913451511991658 0.5716768027801911 0.9165797705943691 0.5673327541268461 0.9165797705943691 0.40052128583840135 0.908237747653806 0.3935708079930495 0.8779979144942649 0.39096437880104257 0.8373305526590198 0.3953084274543875 0.8050052137643379 0.4039965247610773 0.7935349322210636 0.41181581233709813 0.7841501564129302 0.4265855777584709 0.7716371220020856 0.47002606429192006 0.767466110531804 0.5186794092093832 0.7716371220020856 0.523892267593397
5 0.09489051094890512 0.5195482189400521 0.11366006256517205 0.523892267593397 0.721584984358707 0.5951346655082537 0.7768508863399375 0.5960034752389226 0.7977059436913452 0.5881841876629018 0.7956204379562044 0.5847089487402258 0.8029197080291971 0.578627280625543 0.8039624608967675 0.5560382276281494 0.7966631908237748 0.5377932232841007 0.7632950990615225 0.5169417897480452 0.7612095933263817 0.49435273675065156 0.7445255474452555 0.4917463075586446 0.556830031282586 0.47523892267593393 0.49530761209593327 0.4761077324066029 0.4546402502606882 0.4682884448305821 0.4369134515119917 0.471763683753258 0.4275286757038582 0.46568201563857514 0.4129301355578728 0.46307558644656815 0.31178310740354537 0.45438748913987836 0.264859228362878 0.4465682015638575 0.19395203336809178 0.4578627280625543 0.10948905109489052 0.46307558644656815 0.09384775808133472 0.4665508253692441 0.08342022940563087 0.4761077324066029 0.08550573514077164 0.5108601216333623 0.09489051094890512 0.5195482189400521
1 0.12721584984358708 0.5430060816681147 0.12200208550573514 0.5386620330147698 0.11261730969760167 0.5386620330147698 0.11261730969760167 0.5464813205907906 0.27007299270072993 0.5603822762814943 0.4869655891553702 0.5881841876629018 0.5109489051094891 0.5881841876629018 0.5182481751824818 0.5925282363162467 0.6986444212721585 0.6142484795829712 0.7413972888425443 0.6133796698523023 0.7455683003128258 0.6159860990443092 0.7497393117831074 0.6099044309296264 0.7622523461939521 0.6099044309296264 0.7716371220020856 0.6125108601216334 0.7716371220020856 0.6159860990443092 0.7820646506777894 0.6159860990443092 0.8029197080291971 0.6099044309296264 0.8070907194994786 0.5951346655082537 0.8018769551616267 0.5916594265855777 0.7966631908237748 0.5960034752389226 0.7747653806047967 0.5986099044309295 0.7184567257559958 0.5968722849695917 0.543274244004171 0.5742832319721981 0.43169968717413976 0.5638575152041703 0.38790406673618355 0.5543006081668115 0.191866527632951 0.5351867940920938 0.17831074035453598 0.5464813205907906 0.12721584984358708 0.5430060816681147
3 0.5078206465067779 0.6055603822762815 0.5088633993743483 0.5881841876629018 0.49635036496350365 0.5881841876629018 0.49635036496350365 0.6038227628149435 0.5078206465067779 0.6055603822762815
3 0.8623566214807091 0.6298870547350129 0.8633993743482795 0.5890529973935708 0.8508863399374349 0.5925282363162467 0.8508863399374349 0.6281494352736751 0.8623566214807091 0.6298870547350129
3 0.10531803962460896 0.5916594265855777 0.1105318039624609 0.5873153779322328 0.10948905109489052 0.5569070373588184 0.11887382690302399 0.5464813205907906 0.14598540145985403 0.5464813205907906 0.14181438998957246 0.5430060816681147 0.09697601668404589 0.5369244135534318 0.09697601668404589 0.5881841876629018 0.10531803962460896 0.5916594265855777
3 0.7476538060479666 0.6264118158123371 0.7518248175182481 0.6353171155516941 0.7528675703858185 0.681146828844483 0.7559958289885297 0.684622067767159 0.7664233576642336 0.684622067767159 0.7695516162669448 0.682015638575152 0.7664233576642336 0.6177237185056472 0.7153284671532847 0.6151172893136403 0.7194994786235662 0.6194613379669852 0.7476538060479666 0.6264118158123371
10 0 0.999131190269331 0.9989572471324296 0.999131190269331 0.9989572471324296 0 0 0 0 0.999131190269331
