0 0.16684045881126175 0.47871416159860986 0.19603753910323254 0.47002606429192006 0.28779979144942647 0.4682884448305821 0.31178310740354537 0.46481320590790615 0.32533889468196037 0.4682884448305821 0.46715328467153283 0.473501303214596 0.6100104275286757 0.47002606429192006 0.6266944734098019 0.48045178105994785 0.6642335766423357 0.47871416159860986 0.6694473409801878 0.47437011294526493 0.6788321167883212 0.42137271937445697 0.6861313868613139 0.4074717636837532 0.694473409801877 0.40225890529973934 0.7539103232533889 0.3927019982623805 0.7924921793534933 0.3970460469157254 0.799791449426486 0.39009556907037357 0.7977059436913452 0.3822762814943527 0.8008342022940563 0.3761946133796698 0.794577685088634 0.365768896611642 0.7831074035453598 0.35968722849695917 0.6746611053180397 0.34839270199826233 0.667361835245047 0.34926151172893133 0.6642335766423357 0.3605560382276281 0.6392075078206465 0.36924413553431795 0.629822732012513 0.366637706342311 0.5203336809176226 0.37098175499565594 0.46923879040667366 0.36924413553431795 0.32742440041710114 0.37532580364900087 0.29822732012513037 0.3796698523023458 0.29197080291970806 0.38748913987836664 0.2857142857142857 0.38662033014769764 0.28258602711157454 0.37532580364900087 0.27632950990615224 0.37098175499565594 0.1386861313868613 0.36837532580364896 0.12408759124087591 0.37445699391833187 0.15015641293013557 0.47002606429192006 0.16684045881126175 0.47871416159860986
5 0.14911366006256518 0.5143353605560382 0.6506777893639207 0.5343179843614249 0.6652763295099061 0.5325803649000869 0.6694473409801878 0.4891398783666377 0.6652763295099061 0.48218940052128584 0.6266944734098019 0.48479582971329277 0.6089676746611054 0.472632493483927 0.502606882168926 0.47437011294526493 0.32012513034410844 0.4682884448305821 0.1929092805005214 0.471763683753258 0.1699687174139729 0.48045178105994785 0.1480709071949948 0.47958297132927885 0.1386861313868613 0.4874022589052997 0.1386861313868613 0.5091225021720243 0.14911366006256518 0.5143353605560382
2 0.6715328467153285 0.5951346655082537 0.7549530761209593 0.5986099044309295 0.9092805005213764 0.5725456125108601 0.9144942648592284 0.5638575152041703 0.9176225234619395 0.5160729800173761 0.9176225234619395 0.42745438748913983 0.9144942648592284 0.41181581233709813 0.9113660062565172 0.4074717636837532 0.894681960375391 0.4039965247610773 0.8425443169968717 0.40052128583840135 0.7403545359749739 0.3979148566463944 0.6986444212721585 0.40312771503040834 0.6871741397288843 0.4100781928757602 0.6840458811261731 0.41789748045178104 0.6694473409801878 0.5013032145960035 0.6663190823774765 0.5855777584708949 0.6715328467153285 0.5951346655082537
4 0.10114702815432743 0.5629887054735012 0.12408759124087591 0.5612510860121633 0.14911366006256518 0.4769765421372719 0.1386861313868613 0.43179843614248475 0.13138686131386862 0.41181581233709813 0.12408759124087591 0.40660295395308427 0.09697601668404589 0.4074717636837532 0.08133472367049009 0.41615986099044305 0.08342022940563087 0.5560382276281494 0.10114702815432743 0.5629887054735012
1 0.12304483837330553 0.5430060816681147 0.12825860271115747 0.5560382276281494 0.12304483837330553 0.5586446568201564 0.11574556830031282 0.5560382276281494 0.10531803962460896 0.5612510860121633 0.278415015641293 0.5725456125108601 0.2898852971845673 0.5708079930495221 0.48383733055265904 0.5855777584708949 0.6538060479666319 0.5951346655082537 0.6663190823774765 0.5933970460469157 0.6642335766423357 0.578627280625543 0.6684045881126174 0.5569070373588184 0.6642335766423357 0.5351867940920938 0.15119916579770595 0.5152041702867072 0.12721584984358708 0.522154648132059 0.12825860271115747 0.5377932232841007 0.12304483837330553 0.5430060816681147
3 0.2898852971845673 0.58123370981755 0.29197080291970806 0.5742832319721981 0.2857142857142857 0.573414422241529 0.2846715328467153 0.579496090356212 0.2898852971845673 0.58123370981755
3 0.9040667361835245 0.5803649000868809 0.8936392075078207 0.579496090356212 0.9019812304483837 0.6194613379669852 0.9040667361835245 0.5803649000868809
3 0.09906152241918666 0.6012163336229366 0.09906152241918666 0.58123370981755 0.10531803962460896 0.5673327541268461 0.11574556830031282 0.5638575152041703 0.11157455683003129 0.5612510860121633 0.09384775808133472 0.5621198957428323 0.09280500521376434 0.5951346655082537 0.09906152241918666 0.6012163336229366
3 0.4608967674661105 0.6116420503909643 0.46715328467153283 0.6125108601216334 0.4734098018769552 0.6055603822762815 0.4734098018769552 0.5855777584708949 0.45881126173096975 0.5838401390095569 0.45776850886339937 0.6055603822762815 0.4608967674661105 0.6116420503909643
3 0.7518248175182481 0.6516072980017376 0.7528675703858185 0.6203301476976542 0.7601668404588113 0.6055603822762815 0.767466110531804 0.6003475238922675 0.7507820646506778 0.6012163336229366 0.7413972888425443 0.6081668114682884 0.7466110531803962 0.6507384882710686 0.7518248175182481 0.6516072980017376
10 0 0.999131190269331 0.9989572471324296 0.999131190269331 0.9989572471324296 0 0 0 0 0.999131190269331
