0 0.14285714285714285 0.4352736750651607 0.15015641293013557 0.46915725456125107 0.1543274244004171 0.47437011294526493 0.16788321167883213 0.47871416159860986 0.20333680917622524 0.46915725456125107 0.2732012513034411 0.4674196350999131 0.6120959332638165 0.4761077324066029 0.6246089676746611 0.4830582102519548 0.6652763295099061 0.47958297132927885 0.6715328467153285 0.470894874022589 0.6819603753910324 0.4152910512597741 0.6903023983315955 0.4048653344917463 0.7278415015641293 0.3944396177237185 0.8112617309697602 0.3970460469157254 0.8133472367049009 0.38662033014769764 0.8102189781021898 0.37011294526498695 0.7841501564129302 0.35881841876629017 0.7320125130344108 0.3579496090356212 0.6736183524504693 0.3475238922675934 0.6590198123044838 0.34839270199826233 0.64859228362878 0.3631624674196351 0.6402502606882169 0.36750651607298 0.556830031282586 0.36750651607298 0.5192909280500522 0.37098175499565594 0.4619395203336809 0.36924413553431795 0.3222106360792492 0.37532580364900087 0.29822732012513037 0.3796698523023458 0.28362877997914493 0.3779322328410078 0.27632950990615224 0.37098175499565594 0.13660062565172054 0.36837532580364896 0.1251303441084463 0.3727193744569939 0.12304483837330553 0.3788010425716768 0.14285714285714285 0.4352736750651607
2 0.6736183524504693 0.5951346655082537 0.7716371220020856 0.5968722849695917 0.9103232533889468 0.5716768027801911 0.9144942648592284 0.5612510860121633 0.9176225234619395 0.5013032145960035 0.9144942648592284 0.41181581233709813 0.9103232533889468 0.4074717636837532 0.8967674661105318 0.4048653344917463 0.835245046923879 0.40052128583840135 0.7257559958289885 0.3987836663770634 0.6965589155370178 0.4039965247610773 0.6850886339937435 0.41702867072111205 0.680917622523462 0.4300608166811468 0.6704900938477582 0.5056472632493484 0.6663190823774765 0.5916594265855777 0.6736183524504693 0.5951346655082537
1 0.1251303441084463 0.5499565595134666 0.12825860271115747 0.5534317984361424 0.12408759124087591 0.5569070373588184 0.11887382690302399 0.5543006081668115 0.1105318039624609 0.5560382276281494 0.11366006256517205 0.5603822762814943 0.6777893639207508 0.5960034752389226 0.7403545359749739 0.5951346655082537 0.7340980187695516 0.5847089487402258 0.7101147028154328 0.5855777584708949 0.6861313868613139 0.58123370981755 0.6767466110531805 0.573414422241529 0.6788321167883212 0.5699391833188532 0.6715328467153285 0.5621198957428323 0.6757038581856101 0.5586446568201564 0.6725755995828989 0.5543006081668115 0.6746611053180397 0.5430060816681147 0.6652763295099061 0.5360556038227627 0.15641293013555788 0.5152041702867072 0.14494264859228365 0.5152041702867072 0.12200208550573514 0.522154648132059 0.1251303441084463 0.523892267593397 0.1251303441084463 0.5499565595134666
5 0.14702815432742442 0.5134665508253692 0.32012513034410844 0.522154648132059 0.643378519290928 0.5343179843614249 0.6652763295099061 0.5325803649000869 0.6694473409801878 0.5082536924413553 0.6694473409801878 0.4865334491746307 0.6663190823774765 0.4839270199826238 0.6246089676746611 0.48479582971329277 0.616266944734098 0.48218940052128584 0.6089676746611054 0.473501303214596 0.4473409801876955 0.4761077324066029 0.3305526590198123 0.46915725456125107 0.2367049009384776 0.47002606429192006 0.1929092805005214 0.472632493483927 0.16371220020855057 0.48218940052128584 0.15328467153284672 0.47871416159860986 0.1386861313868613 0.4874022589052997 0.1397288842544317 0.5099913119026933 0.14702815432742442 0.5134665508253692
3 0.7445255474452555 0.6255430060816681 0.7445255474452555 0.6498696785403996 0.7518248175182481 0.6524761077324066 0.7549530761209593 0.6168549087749783 0.7705943691345152 0.5986099044309295 0.7163712200208551 0.6012163336229366 0.7393117831074035 0.6116420503909643 0.7445255474452555 0.6255430060816681
1 0.7664233576642336 0.5951346655082537 0.8967674661105318 0.573414422241529 0.9009384775808134 0.5629887054735012 0.886339937434828 0.5621198957428323 0.8748696558915537 0.5690703735881841 0.845672575599583 0.5708079930495221 0.8206465067778936 0.5569070373588184 0.799791449426486 0.5551694178974804 0.7977059436913452 0.5603822762814943 0.8070907194994786 0.5673327541268461 0.8050052137643379 0.577758470894874 0.7789363920750783 0.576889661164205 0.7737226277372263 0.5916594265855777 0.7664233576642336 0.5951346655082537
3 0.09801876955161627 0.6003475238922675 0.10010427528675704 0.5716768027801911 0.11470281543274244 0.5638575152041703 0.09489051094890512 0.5621198957428323 0.09384775808133472 0.5977410947002606 0.09801876955161627 0.6003475238922675
4 0.1032325338894682 0.5629887054735012 0.12304483837330553 0.5612510860121633 0.12721584984358708 0.5595134665508253 0.14911366006256518 0.4769765421372719 0.13764337851929093 0.4283231972198088 0.13034410844629823 0.4092093831450912 0.12408759124087591 0.40660295395308427 0.09697601668404589 0.4074717636837532 0.08133472367049009 0.41615986099044305 0.08342022940563087 0.5551694178974804 0.1032325338894682 0.5629887054735012
3 0.8967674661105318 0.5890529973935708 0.899895724713243 0.6194613379669852 0.9030239833159541 0.6194613379669852 0.9040667361835245 0.577758470894874 0.8915537017726799 0.576889661164205 0.8884254431699687 0.577758470894874 0.8967674661105318 0.5890529973935708
3 0.4619395203336809 0.6116420503909643 0.46923879040667366 0.6116420503909643 0.4734098018769552 0.6029539530842745 0.4723670490093848 0.5855777584708949 0.45881126173096975 0.5838401390095569 0.45881126173096975 0.6081668114682884 0.4619395203336809 0.6116420503909643
10 0 0.999131190269331 0.9989572471324296 0.999131190269331 0.9989572471324296 0 0 0 0 0.999131190269331
