0 0.3034410844629823 0.420503909643788 0.30761209593326383 0.43179843614248475 0.30656934306569344 0.4622067767158992 0.3180396246089677 0.4665508253692441 0.49113660062565173 0.47437011294526493 0.6308654848800834 0.47523892267593393 0.64859228362878 0.470894874022589 0.6465067778936392 0.4465682015638575 0.6548488008342023 0.4309296264118158 0.6684045881126174 0.419635099913119 0.7007299270072993 0.4152910512597741 0.7267987486965589 0.41615986099044305 0.7330552659019812 0.4074717636837532 0.7434827945776851 0.40312771503040834 0.7695516162669448 0.39965247610773236 0.8415015641293013 0.40225890529973934 0.8477580813347237 0.3822762814943527 0.8488008342022941 0.35881841876629017 0.8362877997914494 0.3475238922675934 0.7966631908237748 0.3457862728062554 0.5672575599582899 0.3405734144222415 0.5464025026068822 0.3466550825369244 0.5255474452554745 0.33970460469157254 0.3597497393117831 0.34404865334491747 0.29197080291970806 0.3414422241529105 0.2794577685088634 0.34926151172893133 0.27424400417101147 0.3761946133796698 0.2711157455683003 0.4092093831450912 0.3034410844629823 0.420503909643788
5 0.12304483837330553 0.5282363162467419 0.6913451511991658 0.5516941789748044 0.7184567257559958 0.5499565595134666 0.7247132429614181 0.5343179843614249 0.7226277372262774 0.4995655951346655 0.7163712200208551 0.4926151172893136 0.7038581856100105 0.4882710686359687 0.6861313868613139 0.4891398783666377 0.6475495307612096 0.47871416159860986 0.41397288842544316 0.473501303214596 0.4056308654848801 0.47002606429192006 0.3733055265901981 0.4682884448305821 0.22210636079249219 0.4665508253692441 0.1334723670490094 0.471763683753258 0.11887382690302399 0.4778453518679409 0.11470281543274244 0.4830582102519548 0.11261730969760167 0.524761077324066 0.12304483837330553 0.5282363162467419
1 0.12721584984358708 0.5708079930495221 0.2638164754953076 0.576889661164205 0.31386861313868614 0.5829713292788878 0.3305526590198123 0.5803649000868809 0.7122002085505735 0.6012163336229366 0.7205422314911366 0.5933970460469157 0.7226277372262774 0.5629887054735012 0.721584984358707 0.5577758470894874 0.7142857142857143 0.5551694178974804 0.5578727841501564 0.5499565595134666 0.2721584984358707 0.5334491746307558 0.14077163712200208 0.5291051259774109 0.12304483837330553 0.5291051259774109 0.11991657977059438 0.5317115551694178 0.11991657977059438 0.5629887054735012 0.12721584984358708 0.5708079930495221
4 0.09071949947862357 0.5690703735881841 0.1178310740354536 0.5690703735881841 0.12200208550573514 0.5629887054735012 0.11157455683003129 0.4874022589052997 0.11470281543274244 0.48132059079061684 0.13555787278415016 0.4665508253692441 0.12408759124087591 0.4456993918331885 0.12408759124087591 0.43440486533449174 0.132429614181439 0.4152910512597741 0.15745568300312826 0.40139009556907035 0.17935349322210636 0.4039965247610773 0.18873826903023982 0.41181581233709813 0.20125130344108447 0.4039965247610773 0.2148070907194995 0.4126846220677671 0.2429614181438999 0.4144222415291051 0.26173096976016685 0.4100781928757602 0.26798748696558916 0.40052128583840135 0.264859228362878 0.3970460469157254 0.23879040667361837 0.3953084274543875 0.1032325338894682 0.3944396177237185 0.08446298227320126 0.40052128583840135 0.08133472367049009 0.4257167680278019 0.08446298227320126 0.5647263249348392 0.09071949947862357 0.5690703735881841
2 0.7236704900938478 0.5881841876629018 0.7299270072992701 0.6020851433536055 0.772679874869656 0.6055603822762815 0.9103232533889468 0.578627280625543 0.9155370177267987 0.5586446568201564 0.9165797705943691 0.4109470026064292 0.9113660062565172 0.4074717636837532 0.8790406673618353 0.4039965247610773 0.7622523461939521 0.40312771503040834 0.7372262773722628 0.4074717636837532 0.7330552659019812 0.41181581233709813 0.7267987486965589 0.5013032145960035 0.7288842544316997 0.5351867940920938 0.7236704900938478 0.5881841876629018
3 0.31386861313868614 0.6046915725456125 0.3180396246089677 0.5829713292788878 0.30552659019812306 0.58123370981755 0.30552659019812306 0.6020851433536055 0.31386861313868614 0.6046915725456125
3 0.8415015641293013 0.6359687228496959 0.8467153284671534 0.629018245004344 0.8498435870698645 0.5951346655082537 0.8321167883211679 0.5968722849695917 0.8342022940563086 0.6342311033883579 0.8415015641293013 0.6359687228496959
3 0.15954118873826903 0.6229365768896611 0.16788321167883213 0.6229365768896611 0.1710114702815433 0.6203301476976542 0.1762252346193952 0.5742832319721981 0.1553701772679875 0.573414422241529 0.1553701772679875 0.6185925282363162 0.15954118873826903 0.6229365768896611
3 0.7267987486965589 0.6585577758470894 0.7340980187695516 0.6602953953084274 0.7403545359749739 0.6559513466550825 0.7455683003128258 0.6081668114682884 0.7445255474452555 0.6055603822762815 0.7226277372262774 0.6038227628149435 0.7236704900938478 0.6533449174630755 0.7267987486965589 0.6585577758470894
10 0 0.999131190269331 0.9989572471324296 0.999131190269331 0.9989572471324296 0 0 0 0 0.999131190269331
