0 0.13764337851929093 0.420503909643788 0.14911366006256518 0.46915725456125107 0.1543274244004171 0.4761077324066029 0.16788321167883213 0.47871416159860986 0.20959332638164754 0.47002606429192006 0.32742440041710114 0.4674196350999131 0.4556830031282586 0.473501303214596 0.602711157455683 0.471763683753258 0.6152241918665277 0.473501303214596 0.6173096976016684 0.47871416159860986 0.6266944734098019 0.4830582102519548 0.6454640250260688 0.48218940052128584 0.6684045881126174 0.4769765421372719 0.6798748696558916 0.42137271937445697 0.6861313868613139 0.4092093831450912 0.694473409801877 0.40312771503040834 0.7236704900938478 0.3970460469157254 0.8102189781021898 0.3979148566463944 0.8133472367049009 0.39009556907037357 0.8102189781021898 0.36924413553431795 0.7914494264859229 0.3614248479582971 0.7789363920750783 0.3579496090356212 0.7288842544316997 0.35621198957428324 0.6777893639207508 0.3475238922675934 0.6590198123044838 0.34839270199826233 0.6475495307612096 0.3640312771503041 0.6308654848800834 0.36750651607298 0.48383733055265904 0.36837532580364896 0.32116788321167883 0.37532580364900087 0.29822732012513037 0.3796698523023458 0.2846715328467153 0.3796698523023458 0.28154327424400416 0.3727193744569939 0.27528675703858185 0.37011294526498695 0.13660062565172054 0.36837532580364896 0.1251303441084463 0.3727193744569939 0.12304483837330553 0.3796698523023458 0.13764337851929093 0.420503909643788
2 0.6767466110531805 0.5960034752389226 0.772679874869656 0.5968722849695917 0.9113660062565172 0.5716768027801911 0.9176225234619395 0.5021720243266724 0.9176225234619395 0.4291920069504778 0.913451511991658 0.4109470026064292 0.8957247132429614 0.4039965247610773 0.8258602711157456 0.40052128583840135 0.7382690302398331 0.3987836663770634 0.6976016684045881 0.4039965247610773 0.6840458811261731 0.41789748045178104 0.6704900938477582 0.48566463944396177 0.667361835245047 0.5291051259774109 0.6652763295099061 0.5916594265855777 0.6767466110531805 0.5960034752389226
4 0.08550573514077164 0.5586446568201564 0.10010427528675704 0.5629887054735012 0.12408759124087591 0.5612510860121633 0.12721584984358708 0.5595134665508253 0.1261730969760167 0.5282363162467419 0.12930135557872785 0.5212858384013901 0.1386861313868613 0.5152041702867072 0.13660062565172054 0.4900086880973067 0.1397288842544317 0.48218940052128584 0.1480709071949948 0.4769765421372719 0.13660062565172054 0.4257167680278019 0.1261730969760167 0.40660295395308427 0.09280500521376434 0.4083405734144222 0.08133472367049009 0.41615986099044305 0.08342022940563087 0.5551694178974804 0.08550573514077164 0.5586446568201564
5 0.14598540145985403 0.5143353605560382 0.6152241918665277 0.5343179843614249 0.6631908237747653 0.5343179843614249 0.6663190823774765 0.5317115551694178 0.6663190823774765 0.4830582102519548 0.6319082377476538 0.48479582971329277 0.6131386861313869 0.47871416159860986 0.607924921793535 0.472632493483927 0.4421272158498436 0.47437011294526493 0.3034410844629823 0.4682884448305821 0.2064650677789364 0.470894874022589 0.1699687174139729 0.48045178105994785 0.14702815432742442 0.47958297132927885 0.1386861313868613 0.4874022589052997 0.1386861313868613 0.5073848827106864 0.14598540145985403 0.5143353605560382
1 0.1032325338894682 0.5603822762814943 0.6798748696558916 0.5951346655082537 0.6642335766423357 0.579496090356212 0.6694473409801878 0.5569070373588184 0.6642335766423357 0.5351867940920938 0.15119916579770595 0.5152041702867072 0.12825860271115747 0.522154648132059 0.1261730969760167 0.5412684622067767 0.1032325338894682 0.5603822762814943
3 0.2909280500521377 0.58123370981755 0.2909280500521377 0.573414422241529 0.2857142857142857 0.573414422241529 0.2857142857142857 0.58123370981755 0.2909280500521377 0.58123370981755
3 0.9040667361835245 0.5803649000868809 0.8936392075078207 0.578627280625543 0.9019812304483837 0.6194613379669852 0.9040667361835245 0.5803649000868809
3 0.09906152241918666 0.6012163336229366 0.09906152241918666 0.5829713292788878 0.10740354535974975 0.5655951346655083 0.11470281543274244 0.5629887054735012 0.09489051094890512 0.5612510860121633 0.09384775808133472 0.5994787141615986 0.09906152241918666 0.6012163336229366
3 0.456725755995829 0.6029539530842745 0.4608967674661105 0.6116420503909643 0.46611053180396245 0.6125108601216334 0.4734098018769552 0.6055603822762815 0.4734098018769552 0.5864465682015638 0.45985401459854014 0.58123370981755 0.456725755995829 0.5838401390095569 0.456725755995829 0.6029539530842745
3 0.7445255474452555 0.6220677671589921 0.7455683003128258 0.6490008688097306 0.7518248175182481 0.6516072980017376 0.7528675703858185 0.6203301476976542 0.767466110531804 0.6003475238922675 0.721584984358707 0.6012163336229366 0.7372262773722628 0.6072980017376194 0.7445255474452555 0.6220677671589921
10 0 0.999131190269331 0.9989572471324296 0.999131190269331 0.9989572471324296 0 0 0 0 0.999131190269331
