0 0.2867570385818561 0.4144222415291051 0.29197080291970806 0.42311033883579496 0.3295099061522419 0.44309296264118153 0.34932221063607927 0.4613379669852302 0.3597497393117831 0.46481320590790615 0.4191866527632951 0.4665508253692441 0.49530761209593327 0.4761077324066029 0.580813347236705 0.47002606429192006 0.6329509906152242 0.471763683753258 0.6611053180396246 0.44917463075586445 0.7090719499478624 0.4291920069504778 0.7695516162669448 0.4126846220677671 0.8206465067778936 0.41181581233709813 0.8300312825860271 0.36924413553431795 0.8289885297184567 0.35968722849695917 0.8227320125130344 0.35534317984361424 0.6892596454640251 0.35534317984361424 0.5641293013555787 0.3501303214596003 0.40771637122002086 0.3518679409209383 0.3034410844629823 0.3466550825369244 0.2950990615224192 0.3579496090356212 0.2961418143899896 0.3727193744569939 0.2867570385818561 0.4144222415291051
3 0.13660062565172054 0.6168549087749783 0.14181438998957246 0.6125108601216334 0.14077163712200208 0.5699391833188532 0.13660062565172054 0.5664639443961772 0.13138686131386862 0.5673327541268461 0.13034410844629823 0.6125108601216334 0.13660062565172054 0.6168549087749783
5 0.16475495307612095 0.5117289313640313 0.16892596454640252 0.5212858384013901 0.1845672575599583 0.525629887054735 0.27007299270072993 0.526498696785404 0.28362877997914493 0.5169417897480452 0.28362877997914493 0.5056472632493484 0.2533889468196038 0.4769765421372719 0.20020855057351408 0.4874022589052997 0.17205422314911367 0.4874022589052997 0.1543274244004171 0.49695916594265854 0.15328467153284672 0.5117289313640313 0.16475495307612095 0.5117289313640313
5 0.3086548488008342 0.5299739357080799 0.40875912408759124 0.5334491746307558 0.429614181438999 0.5291051259774109 0.47549530761209596 0.5386620330147698 0.6631908237747653 0.5473501303214595 0.6830031282586028 0.5403996524761077 0.6903023983315955 0.5403996524761077 0.694473409801877 0.5464813205907906 0.7194994786235662 0.5403996524761077 0.721584984358707 0.5212858384013901 0.7267987486965589 0.5152041702867072 0.7205422314911366 0.4995655951346655 0.680917622523462 0.5004344048653344 0.6402502606882169 0.49609035621198955 0.6308654848800834 0.49087749782797563 0.6319082377476538 0.4769765421372719 0.6266944734098019 0.472632493483927 0.5974973931178311 0.471763683753258 0.5005213764337852 0.48045178105994785 0.429614181438999 0.47002606429192006 0.32012513034410844 0.46915725456125107 0.32116788321167883 0.4769765421372719 0.3149113660062565 0.48045178105994785 0.3169968717413973 0.4874022589052997 0.310740354535975 0.4934839270199826 0.2950990615224192 0.49435273675065156 0.2961418143899896 0.5004344048653344 0.28884254431699685 0.5047784535186793 0.28779979144942647 0.525629887054735 0.3086548488008342 0.5299739357080799
1 0.1397288842544317 0.5638575152041703 0.1616266944734098 0.5682015638575152 0.7028154327424401 0.5960034752389226 0.7226277372262774 0.5951346655082537 0.7257559958289885 0.5847089487402258 0.7236704900938478 0.5499565595134666 0.7142857142857143 0.5490877497827975 0.6819603753910324 0.5508253692441355 0.4994786235662148 0.5421372719374457 0.4608967674661105 0.5395308427454387 0.43065693430656937 0.5334491746307558 0.31178310740354537 0.5334491746307558 0.17309697601668406 0.527367506516073 0.1553701772679875 0.5291051259774109 0.1480709071949948 0.5343179843614249 0.1480709071949948 0.5490877497827975 0.1397288842544317 0.5638575152041703
2 0.7372262773722628 0.5968722849695917 0.799791449426486 0.6012163336229366 0.8571428571428572 0.5838401390095569 0.8633993743482795 0.5968722849695917 0.8623566214807091 0.6151172893136403 0.8686131386861314 0.6159860990443092 0.8696558915537018 0.5886185925282362 0.8759124087591241 0.576889661164205 0.9051094890510949 0.5682015638575152 0.9155370177267987 0.5603822762814943 0.9186652763295099 0.4761077324066029 0.9155370177267987 0.4613379669852302 0.8957247132429614 0.4578627280625543 0.8561001042752868 0.46307558644656815 0.7653806047966633 0.47871416159860986 0.7372262773722628 0.4874022589052997 0.7299270072992701 0.49609035621198955 0.7288842544316997 0.5412684622067767 0.7236704900938478 0.5708079930495221 0.7226277372262774 0.5916594265855777 0.7372262773722628 0.5968722849695917
3 0.29301355578727845 0.5855777584708949 0.2961418143899896 0.576889661164205 0.28884254431699685 0.575152041702867 0.28779979144942647 0.5838401390095569 0.29301355578727845 0.5855777584708949
4 0.132429614181439 0.5682015638575152 0.15015641293013557 0.5647263249348392 0.18248175182481752 0.48045178105994785 0.11574556830031282 0.45351867940920937 0.09489051094890512 0.4561251086012163 0.08654848800834203 0.4622067767158992 0.08759124087591241 0.5621198957428323 0.132429614181439 0.5682015638575152
3 0.8686131386861314 0.6159860990443092 0.8706986444212722 0.58123370981755 0.8644421272158499 0.58123370981755 0.8623566214807091 0.6159860990443092 0.8686131386861314 0.6159860990443092
3 0.7612095933263817 0.6550825369244135 0.7685088633993744 0.6550825369244135 0.7716371220020856 0.6516072980017376 0.7716371220020856 0.6020851433536055 0.7601668404588113 0.6012163336229366 0.759124087591241 0.6507384882710686 0.7612095933263817 0.6550825369244135
10 0 0.999131190269331 0.9989572471324296 0.999131190269331 0.9989572471324296 0 0 0 0 0.999131190269331
