0 0.30761209593326383 0.4465682015638575 0.32638164754953075 0.46307558644656815 0.49009384775808135 0.473501303214596 0.5067778936392076 0.4778453518679409 0.6141814389989573 0.471763683753258 0.6360792492179353 0.471763683753258 0.656934306569343 0.4761077324066029 0.6903023983315955 0.44830582102519545 0.7257559958289885 0.43179843614248475 0.7685088633993744 0.42137271937445697 0.7737226277372263 0.41615986099044305 0.7789363920750783 0.41876629018245004 0.799791449426486 0.4144222415291051 0.8060479666319083 0.41789748045178104 0.8185610010427529 0.41789748045178104 0.8248175182481752 0.4144222415291051 0.8237747653806048 0.4092093831450912 0.8175182481751825 0.4092093831450912 0.8175182481751825 0.3892267593397046 0.7893639207507821 0.3883579496090356 0.7851929092805006 0.3788010425716768 0.7987486965589156 0.3761946133796698 0.29718456725756 0.3614248479582971 0.28258602711157454 0.3622936576889661 0.2794577685088634 0.366637706342311 0.2721584984358707 0.40660295395308427 0.2721584984358707 0.4239791485664639 0.30761209593326383 0.4465682015638575
5 0.1397288842544317 0.5134665508253692 0.15328467153284672 0.5195482189400521 0.17831074035453598 0.522154648132059 0.38894681960375393 0.5317115551694178 0.4337851929092805 0.527367506516073 0.45881126173096975 0.5325803649000869 0.7069864442127216 0.5438748913987836 0.7340980187695516 0.5412684622067767 0.7413972888425443 0.5360556038227627 0.7445255474452555 0.525629887054735 0.7340980187695516 0.5004344048653344 0.6600625651720542 0.5004344048653344 0.6538060479666319 0.49695916594265854 0.6506777893639207 0.4882710686359687 0.6558915537017727 0.4769765421372719 0.6319082377476538 0.47437011294526493 0.5745568300312826 0.47523892267593393 0.516162669447341 0.48132059079061684 0.4421272158498436 0.470894874022589 0.3149113660062565 0.4665508253692441 0.24087591240875914 0.47437011294526493 0.19708029197080293 0.4830582102519548 0.1699687174139729 0.48218940052128584 0.15224191866527634 0.4882710686359687 0.1397288842544317 0.49695916594265854 0.1334723670490094 0.5047784535186793 0.1397288842544317 0.5134665508253692
1 0.15015641293013557 0.5551694178974804 0.7038581856100105 0.5855777584708949 0.7497393117831074 0.5855777584708949 0.748696558915537 0.5560382276281494 0.7372262773722628 0.5447437011294526 0.4723670490093848 0.5351867940920938 0.41501564129301355 0.5299739357080799 0.3660062565172054 0.5317115551694178 0.3086548488008342 0.527367506516073 0.2210636079249218 0.526498696785404 0.16058394160583941 0.5212858384013901 0.14702815432742442 0.5212858384013901 0.1386861313868613 0.5291051259774109 0.13451511991657977 0.5430060816681147 0.132429614181439 0.5534317984361424 0.15015641293013557 0.5551694178974804
2 0.8185610010427529 0.5899218071242398 0.8915537017726799 0.5638575152041703 0.9165797705943691 0.5508253692441355 0.9186652763295099 0.473501303214596 0.9155370177267987 0.46307558644656815 0.908237747653806 0.4596003475238922 0.8633993743482795 0.46307558644656815 0.7789363920750783 0.48218940052128584 0.7549530761209593 0.4900086880973067 0.748696558915537 0.4995655951346655 0.7518248175182481 0.5864465682015638 0.8185610010427529 0.5899218071242398
4 0.1251303441084463 0.5551694178974804 0.13660062565172054 0.5534317984361424 0.15954118873826903 0.48045178105994785 0.14181438998957246 0.4665508253692441 0.11574556830031282 0.4561251086012163 0.0959332638164755 0.4578627280625543 0.08654848800834203 0.46394439617723715 0.0886339937434828 0.5499565595134666 0.1251303441084463 0.5551694178974804
3 0.264859228362878 0.5682015638575152 0.27007299270072993 0.5638575152041703 0.2638164754953076 0.5612510860121633 0.26173096976016685 0.5655951346655083 0.264859228362878 0.5682015638575152
3 0.8832116788321168 0.6020851433536055 0.8842544316996872 0.5673327541268461 0.8779979144942649 0.5690703735881841 0.8779979144942649 0.6003475238922675 0.8832116788321168 0.6020851433536055
3 0.12825860271115747 0.5951346655082537 0.13138686131386862 0.5916594265855777 0.13034410844629823 0.5560382276281494 0.12200208550573514 0.5543006081668115 0.12095933263816476 0.5925282363162467 0.12825860271115747 0.5951346655082537
3 0.7966631908237748 0.6385751520417028 0.799791449426486 0.6359687228496959 0.8008342022940563 0.5916594265855777 0.794577685088634 0.5881841876629018 0.7893639207507821 0.5899218071242398 0.7883211678832117 0.6350999131190269 0.7966631908237748 0.6385751520417028
10 0 0.999131190269331 0.9989572471324296 0.999131190269331 0.9989572471324296 0 0 0 0 0.999131190269331
