0 0.1543274244004171 0.4769765421372719 0.16475495307612095 0.47958297132927885 0.19603753910323254 0.470894874022589 0.2846715328467153 0.4682884448305821 0.45985401459854014 0.47437011294526493 0.5974973931178311 0.471763683753258 0.6256517205422315 0.4839270199826238 0.635036496350365 0.4839270199826238 0.6652763295099061 0.47958297132927885 0.6694473409801878 0.4761077324066029 0.6777893639207508 0.4283231972198088 0.6850886339937435 0.4100781928757602 0.694473409801877 0.40312771503040834 0.7257559958289885 0.39617723718505643 0.8133472367049009 0.3970460469157254 0.8133472367049009 0.3788010425716768 0.8050052137643379 0.365768896611642 0.7841501564129302 0.35881841876629017 0.7320125130344108 0.3570807993049522 0.6757038581856101 0.3475238922675934 0.6579770594369134 0.34926151172893133 0.64859228362878 0.3631624674196351 0.2794577685088634 0.37185056472632494 0.13660062565172054 0.36837532580364896 0.12408759124087591 0.37445699391833187 0.1480709071949948 0.4665508253692441 0.1543274244004171 0.4769765421372719
2 0.680917622523462 0.5881841876629018 0.6746611053180397 0.5951346655082537 0.772679874869656 0.5968722849695917 0.9103232533889468 0.5716768027801911 0.9144942648592284 0.5629887054735012 0.9176225234619395 0.5152041702867072 0.9144942648592284 0.4126846220677671 0.9103232533889468 0.4074717636837532 0.8936392075078207 0.4039965247610773 0.8404588112617309 0.40052128583840135 0.7632950990615225 0.40139009556907035 0.7393117831074035 0.3987836663770634 0.6986444212721585 0.4039965247610773 0.6892596454640251 0.4109470026064292 0.680917622523462 0.43179843614248475 0.6704900938477582 0.5047784535186793 0.6736183524504693 0.58123370981755 0.680917622523462 0.5881841876629018
4 0.08446298227320126 0.5577758470894874 0.09906152241918666 0.5638575152041703 0.09801876955161627 0.577758470894874 0.10010427528675704 0.5647263249348392 0.12721584984358708 0.5595134665508253 0.14911366006256518 0.470894874022589 0.13764337851929093 0.4265855777584709 0.12825860271115747 0.4074717636837532 0.09697601668404589 0.4074717636837532 0.08133472367049009 0.41615986099044305 0.08237747653806048 0.5499565595134666 0.08446298227320126 0.5577758470894874
5 0.14389989572471323 0.5134665508253692 0.6402502606882169 0.5334491746307558 0.6642335766423357 0.5334491746307558 0.6663190823774765 0.5291051259774109 0.6684045881126174 0.4839270199826238 0.643378519290928 0.48479582971329277 0.616266944734098 0.47958297132927885 0.6089676746611054 0.472632493483927 0.48175182481751827 0.47437011294526493 0.2429614181438999 0.46915725456125107 0.1929092805005214 0.471763683753258 0.16788321167883213 0.48132059079061684 0.14911366006256518 0.47871416159860986 0.1386861313868613 0.4865334491746307 0.13764337851929093 0.5047784535186793 0.14389989572471323 0.5134665508253692
1 0.1334723670490094 0.5621198957428323 0.4504692387904067 0.5829713292788878 0.46923879040667366 0.58123370981755 0.48383733055265904 0.5847089487402258 0.6465067778936392 0.5951346655082537 0.7132429614181439 0.5968722849695917 0.735140771637122 0.5951346655082537 0.7382690302398331 0.5881841876629018 0.7320125130344108 0.5742832319721981 0.6642335766423357 0.5360556038227627 0.1543274244004171 0.5152041702867072 0.13034410844629823 0.5212858384013901 0.12930135557872785 0.5569070373588184 0.1334723670490094 0.5621198957428323
3 0.09489051094890512 0.5994787141615986 0.09801876955161627 0.6003475238922675 0.10010427528675704 0.5716768027801911 0.11470281543274244 0.5638575152041703 0.09489051094890512 0.5621198957428323 0.09384775808133472 0.5881841876629018 0.09489051094890512 0.5994787141615986
3 0.8967674661105318 0.5890529973935708 0.899895724713243 0.6194613379669852 0.9030239833159541 0.6194613379669852 0.9040667361835245 0.5803649000868809 0.9009384775808134 0.576020851433536 0.8925964546402503 0.576889661164205 0.8894681960375391 0.578627280625543 0.8967674661105318 0.5890529973935708
3 0.46715328467153283 0.6116420503909643 0.4734098018769552 0.6029539530842745 0.4723670490093848 0.5847089487402258 0.45881126173096975 0.5838401390095569 0.45881126173096975 0.6072980017376194 0.46715328467153283 0.6116420503909643
3 0.7434827945776851 0.6211989574283232 0.7445255474452555 0.6507384882710686 0.7518248175182481 0.6524761077324066 0.7549530761209593 0.6151172893136403 0.7705943691345152 0.5986099044309295 0.7163712200208551 0.6012163336229366 0.7393117831074035 0.6116420503909643 0.7434827945776851 0.6211989574283232
10 0 0.999131190269331 0.9989572471324296 0.999131190269331 0.9989572471324296 0 0 0 0 0.999131190269331
