0 0.251303441084463 0.4682884448305821 0.40250260688216893 0.472632493483927 0.4994786235662148 0.48218940052128584 0.5255474452554745 0.48045178105994785 0.7559958289885297 0.4882710686359687 0.7653806047966633 0.4839270199826238 0.7643378519290929 0.4517810599478714 0.7705943691345152 0.43788010425716767 0.7851929092805006 0.4309296264118158 0.8102189781021898 0.4291920069504778 0.8321167883211679 0.42137271937445697 0.845672575599583 0.42224152910512597 0.8550573514077164 0.41615986099044305 0.8748696558915537 0.41181581233709813 0.8748696558915537 0.3622936576889661 0.867570385818561 0.35968722849695917 0.8613138686131387 0.34839270199826233 0.8237747653806048 0.3466550825369244 0.5641293013555787 0.3449174630755864 0.5380604796663191 0.34926151172893133 0.5151199165797706 0.34404865334491747 0.26903023983315955 0.3457862728062554 0.2638164754953076 0.34839270199826233 0.2575599582898853 0.366637706342311 0.2429614181438999 0.43353605560382275 0.23983315954118875 0.4604691572545612 0.251303441084463 0.4682884448305821
5 0.11261730969760167 0.4995655951346655 0.11574556830031282 0.5021720243266724 0.11470281543274244 0.5160729800173761 0.1251303441084463 0.5325803649000869 0.1543274244004171 0.525629887054735 0.15745568300312826 0.5299739357080799 0.16371220020855057 0.5282363162467419 0.16684045881126175 0.5360556038227627 0.17831074035453598 0.5377932232841007 0.7372262773722628 0.575152041702867 0.7559958289885297 0.575152041702867 0.7653806047966633 0.5673327541268461 0.7664233576642336 0.5013032145960035 0.7643378519290929 0.4934839270199826 0.7580813347236706 0.4917463075586446 0.5839416058394161 0.4839270199826238 0.4786235662148071 0.4839270199826238 0.4734098018769552 0.4882710686359687 0.37747653806047965 0.5013032145960035 0.3660062565172054 0.49695916594265854 0.37643378519290926 0.4769765421372719 0.3315954118873827 0.473501303214596 0.3023983315954119 0.473501303214596 0.29822732012513037 0.4769765421372719 0.2867570385818561 0.4769765421372719 0.27632950990615224 0.471763683753258 0.17205422314911367 0.4769765421372719 0.14285714285714285 0.48045178105994785 0.11991657977059438 0.4874022589052997 0.11261730969760167 0.4934839270199826 0.11261730969760167 0.4995655951346655
4 0.10844629822732013 0.5586446568201564 0.10531803962460896 0.49609035621198955 0.1105318039624609 0.4874022589052997 0.15328467153284672 0.472632493483927 0.22940563086548488 0.4682884448305821 0.2440041710114703 0.4100781928757602 0.24191866527632952 0.4074717636837532 0.20125130344108447 0.4074717636837532 0.10636079249217936 0.4135534317984361 0.0886339937434828 0.4152910512597741 0.08133472367049009 0.42224152910512597 0.08133472367049009 0.5543006081668115 0.10844629822732013 0.5586446568201564
2 0.8102189781021898 0.6090356211989574 0.8425443169968717 0.5977410947002606 0.8488008342022941 0.6194613379669852 0.8550573514077164 0.6203301476976542 0.8529718456725757 0.5942658557775847 0.9071949947862357 0.5742832319721981 0.9155370177267987 0.5682015638575152 0.9165797705943691 0.4257167680278019 0.8748696558915537 0.42137271937445697 0.7778936392075079 0.4370112945264987 0.772679874869656 0.44743701129452645 0.7705943691345152 0.4917463075586446 0.7705943691345152 0.6055603822762815 0.8102189781021898 0.6090356211989574
1 0.11887382690302399 0.5603822762814943 0.15224191866527634 0.5603822762814943 0.15954118873826903 0.5638575152041703 0.7247132429614181 0.6038227628149435 0.7476538060479666 0.6029539530842745 0.7507820646506778 0.5968722849695917 0.7632950990615225 0.5951346655082537 0.7612095933263817 0.576020851433536 0.4233576642335767 0.5525629887054735 0.2523461939520334 0.5456125108601216 0.11261730969760167 0.5343179843614249 0.11261730969760167 0.5577758470894874 0.11887382690302399 0.5603822762814943
3 0.2773722627737226 0.58123370981755 0.2794577685088634 0.5742832319721981 0.27528675703858185 0.5716768027801911 0.27007299270072993 0.573414422241529 0.27007299270072993 0.5803649000868809 0.2773722627737226 0.58123370981755
3 0.5338894681960376 0.6029539530842745 0.5349322210636079 0.5916594265855777 0.5265901981230449 0.5907906168549087 0.5255474452554745 0.6012163336229366 0.5338894681960376 0.6029539530842745
3 0.8477580813347237 0.6229365768896611 0.8550573514077164 0.6229365768896611 0.8561001042752868 0.5951346655082537 0.845672575599583 0.5977410947002606 0.8446298227320125 0.6185925282363162 0.8477580813347237 0.6229365768896611
3 0.14494264859228365 0.6029539530842745 0.14702815432742442 0.5638575152041703 0.13764337851929093 0.5638575152041703 0.13660062565172054 0.6012163336229366 0.14494264859228365 0.6029539530842745
3 0.7580813347236706 0.6576889661164205 0.7622523461939521 0.6550825369244135 0.7622523461939521 0.6081668114682884 0.7518248175182481 0.6064291920069504 0.7497393117831074 0.6550825369244135 0.7580813347236706 0.6576889661164205
10 0 0.999131190269331 0.9989572471324296 0.999131190269331 0.9989572471324296 0 0 0 0 0.999131190269331
