0 0.20959332638164754 0.4413553431798436 0.2805005213764338 0.4422241529105126 0.4129301355578728 0.4517810599478714 0.4984358706986444 0.4674196350999131 0.5672575599582899 0.46568201563857514 0.7622523461939521 0.4761077324066029 0.7685088633993744 0.472632493483927 0.772679874869656 0.4596003475238922 0.786235662148071 0.4448305821025195 0.8070907194994786 0.4352736750651607 0.8383733055265902 0.4283231972198088 0.8446298227320125 0.4144222415291051 0.8519290928050053 0.3509991311902693 0.6141814389989573 0.3405734144222415 0.5286757038581856 0.3405734144222415 0.5276329509906152 0.33796698523023455 0.5099061522419187 0.3362293657688966 0.4421272158498436 0.33275412684622063 0.25651720542231493 0.32754126846220677 0.2492179353493222 0.33362293657688963 0.22940563086548488 0.36924413553431795 0.20750782064650677 0.4239791485664639 0.205422314911366 0.43266724587315375 0.20959332638164754 0.4413553431798436
2 0.7758081334723671 0.5890529973935708 0.786235662148071 0.5968722849695917 0.8008342022940563 0.5968722849695917 0.8394160583941606 0.5847089487402258 0.8477580813347237 0.5916594265855777 0.8467153284671534 0.6194613379669852 0.854014598540146 0.6211989574283232 0.8581856100104276 0.578627280625543 0.899895724713243 0.5638575152041703 0.913451511991658 0.5473501303214595 0.9186652763295099 0.471763683753258 0.9186652763295099 0.4404865334491746 0.9144942648592284 0.42745438748913983 0.9030239833159541 0.41876629018245004 0.8821689259645464 0.419635099913119 0.7904066736183525 0.4439617723718505 0.7747653806047967 0.4604691572545612 0.767466110531804 0.49087749782797563 0.767466110531804 0.5499565595134666 0.7758081334723671 0.5890529973935708
4 0.1251303441084463 0.4552562988705473 0.20020855057351408 0.44309296264118153 0.22002085505735142 0.38053866203301473 0.1480709071949948 0.3883579496090356 0.10531803962460896 0.3970460469157254 0.09697601668404589 0.40312771503040834 0.09071949947862357 0.4144222415291051 0.0886339937434828 0.44309296264118153 0.08759124087591241 0.47002606429192006 0.1251303441084463 0.4552562988705473
5 0.09801876955161627 0.5082536924413553 0.11470281543274244 0.5117289313640313 0.1929092805005214 0.5169417897480452 0.21167883211678834 0.5212858384013901 0.47653806047966635 0.5482189400521286 0.7132429614181439 0.5682015638575152 0.7466110531803962 0.5603822762814943 0.7622523461939521 0.5508253692441355 0.7622523461939521 0.48045178105994785 0.7309697601668405 0.4769765421372719 0.5724713242961418 0.4665508253692441 0.5318039624608968 0.4665508253692441 0.48383733055265904 0.471763683753258 0.46715328467153283 0.46307558644656815 0.42127215849843586 0.45438748913987836 0.23461939520333683 0.44309296264118153 0.17413972888425444 0.44743701129452645 0.1543274244004171 0.4509122502172024 0.14285714285714285 0.4578627280625543 0.1178310740354536 0.45873153779322323 0.09906152241918666 0.4665508253692441 0.09489051094890512 0.471763683753258 0.0886339937434828 0.471763683753258 0.08342022940563087 0.48045178105994785 0.08342022940563087 0.5004344048653344 0.09801876955161627 0.5082536924413553
1 0.10010427528675704 0.5421372719374457 0.6965589155370178 0.6072980017376194 0.7361835245046924 0.6081668114682884 0.7507820646506778 0.6055603822762815 0.7612095933263817 0.5986099044309295 0.7653806047966633 0.6003475238922675 0.7747653806047967 0.5933970460469157 0.767466110531804 0.5699391833188532 0.7580813347236706 0.5629887054735012 0.7320125130344108 0.5690703735881841 0.7090719499478624 0.5699391833188532 0.4629822732012513 0.5482189400521286 0.38060479666319086 0.5369244135534318 0.33785192909280504 0.5351867940920938 0.18978102189781024 0.5186794092093832 0.1032325338894682 0.5108601216333623 0.08446298227320126 0.5134665508253692 0.08446298227320126 0.5360556038227627 0.10010427528675704 0.5421372719374457
3 0.4921793534932221 0.6090356211989574 0.49530761209593327 0.6055603822762815 0.4942648592283629 0.5873153779322328 0.4859228362877998 0.5855777584708949 0.48383733055265904 0.6055603822762815 0.4921793534932221 0.6090356211989574
3 0.8550573514077164 0.6220677671589921 0.8561001042752868 0.5838401390095569 0.854014598540146 0.58123370981755 0.8467153284671534 0.5847089487402258 0.845672575599583 0.6194613379669852 0.8550573514077164 0.6220677671589921
3 0.11678832116788321 0.5994787141615986 0.1178310740354536 0.5603822762814943 0.12930135557872785 0.5525629887054735 0.14285714285714285 0.5490877497827975 0.1105318039624609 0.5438748913987836 0.10844629822732013 0.5977410947002606 0.11678832116788321 0.5994787141615986
3 0.7257559958289885 0.6724587315377932 0.7309697601668405 0.6203301476976542 0.7893639207507821 0.5986099044309295 0.7789363920750783 0.5951346655082537 0.7445255474452555 0.6055603822762815 0.7163712200208551 0.6099044309296264 0.7163712200208551 0.6715899218071242 0.7257559958289885 0.6724587315377932
10 0 0.999131190269331 0.9989572471324296 0.999131190269331 0.9989572471324296 0 0 0 0 0.999131190269331
