0 0.2586027111574557 0.44917463075586445 0.7372262773722628 0.4882710686359687 0.7497393117831074 0.4578627280625543 0.7612095933263817 0.4456993918331885 0.786235662148071 0.4370112945264987 0.8508863399374349 0.4265855777584709 0.8936392075078207 0.4257167680278019 0.9051094890510949 0.4291920069504778 0.9176225234619395 0.3796698523023458 0.908237747653806 0.3622936576889661 0.8800834202294057 0.3509991311902693 0.310740354535975 0.315377932232841 0.29405630865484883 0.3205907906168549 0.28258602711157454 0.3344917463075586 0.2523461939520334 0.4396177237185056 0.251303441084463 0.4456993918331885 0.2586027111574557 0.44917463075586445
2 0.7549530761209593 0.5334491746307558 0.7570385818561002 0.5421372719374457 0.7580813347236706 0.6012163336229366 0.8759124087591241 0.578627280625543 0.8884254431699687 0.5725456125108601 0.9155370177267987 0.4569939183318853 0.9144942648592284 0.4352736750651607 0.8905109489051095 0.42745438748913983 0.8613138686131387 0.42745438748913983 0.781021897810219 0.4404865334491746 0.7580813347236706 0.4509122502172024 0.7434827945776851 0.47958297132927885 0.7424400417101147 0.5212858384013901 0.7549530761209593 0.5334491746307558
4 0.11157455683003129 0.46481320590790615 0.18039624608967675 0.45438748913987836 0.2440041710114703 0.45004344048653344 0.25443169968717416 0.4283231972198088 0.2669447340980188 0.3796698523023458 0.2596454640250261 0.3770634231103388 0.2273201251303441 0.3779322328410078 0.14181438998957246 0.38748913987836664 0.11991657977059438 0.3953084274543875 0.10844629822732013 0.4109470026064292 0.10844629822732013 0.4622067767158992 0.11157455683003129 0.46481320590790615
5 0.12304483837330553 0.5403996524761077 0.6704900938477582 0.6020851433536055 0.7413972888425443 0.6029539530842745 0.7559958289885297 0.5960034752389226 0.7528675703858185 0.5360556038227627 0.7413972888425443 0.527367506516073 0.7403545359749739 0.49695916594265854 0.7320125130344108 0.49087749782797563 0.4118873826903024 0.4613379669852302 0.24713242961418144 0.4509122502172024 0.1178310740354536 0.46481320590790615 0.09280500521376434 0.47002606429192006 0.08237747653806048 0.4778453518679409 0.08342022940563087 0.5325803649000869 0.12304483837330553 0.5403996524761077
3 0.27007299270072993 0.5803649000868809 0.2732012513034411 0.5621198957428323 0.2721584984358707 0.5595134665508253 0.2638164754953076 0.5595134665508253 0.26173096976016685 0.576020851433536 0.27007299270072993 0.5803649000868809
3 0.8519290928050053 0.6472632493483926 0.8602711157455684 0.6472632493483926 0.8623566214807091 0.6403127715030408 0.8550573514077164 0.6151172893136403 0.8477580813347237 0.6298870547350129 0.8519290928050053 0.6472632493483926
3 0.8383733055265902 0.6107732406602954 0.845672575599583 0.6125108601216334 0.8519290928050053 0.6046915725456125 0.8446298227320125 0.5907906168549087 0.8342022940563086 0.5977410947002606 0.8383733055265902 0.6107732406602954
3 0.08759124087591241 0.6072980017376194 0.09384775808133472 0.6029539530842745 0.11261730969760167 0.5412684622067767 0.09489051094890512 0.5395308427454387 0.08446298227320126 0.577758470894874 0.08029197080291971 0.6055603822762815 0.08759124087591241 0.6072980017376194
3 0.7184567257559958 0.6854908774978279 0.7267987486965589 0.6854908774978279 0.7299270072992701 0.678540399652476 0.7288842544316997 0.6090356211989574 0.7090719499478624 0.6072980017376194 0.7153284671532847 0.6794092093831451 0.7184567257559958 0.6854908774978279
10 0 0.999131190269331 0.9989572471324296 0.999131190269331 0.9989572471324296 0 0 0 0 0.999131190269331
