0 0.26277372262773724 0.42137271937445697 0.27424400417101147 0.42745438748913983 0.28154327424400416 0.4422241529105126 0.278415015641293 0.4604691572545612 0.2857142857142857 0.46307558644656815 0.46819603753910327 0.473501303214596 0.5338894681960376 0.473501303214596 0.5484880083420229 0.4778453518679409 0.7267987486965589 0.48566463944396177 0.7445255474452555 0.46568201563857514 0.7632950990615225 0.4578627280625543 0.7758081334723671 0.4561251086012163 0.8248175182481752 0.4352736750651607 0.8894681960375391 0.419635099913119 0.8873826903023984 0.4092093831450912 0.8905109489051095 0.40660295395308427 0.8790406673618353 0.3953084274543875 0.881126173096976 0.35881841876629017 0.28154327424400416 0.3466550825369244 0.26903023983315955 0.35273675065160726 0.26277372262773724 0.36837532580364896 0.2575599582898853 0.40052128583840135 0.26277372262773724 0.42137271937445697
4 0.09176225234619395 0.5464813205907906 0.12095933263816476 0.5473501303214595 0.11991657977059438 0.49609035621198955 0.12408759124087591 0.4891398783666377 0.14181438998957246 0.4769765421372719 0.1334723670490094 0.4604691572545612 0.1334723670490094 0.44830582102519545 0.13764337851929093 0.4413553431798436 0.1543274244004171 0.4309296264118158 0.18143899895724713 0.4309296264118158 0.2440041710114703 0.42311033883579496 0.2502606882168926 0.41789748045178104 0.251303441084463 0.40573414422241527 0.24817518248175183 0.40312771503040834 0.2064650677789364 0.40312771503040834 0.09489051094890512 0.41615986099044305 0.08342022940563087 0.420503909643788 0.08654848800834203 0.5421372719374457 0.09176225234619395 0.5464813205907906
2 0.781021897810219 0.5968722849695917 0.8248175182481752 0.6020851433536055 0.8435870698644421 0.5933970460469157 0.8477580813347237 0.5951346655082537 0.913451511991658 0.5629887054735012 0.9176225234619395 0.47002606429192006 0.9176225234619395 0.43179843614248475 0.9144942648592284 0.4291920069504778 0.872784150156413 0.4265855777584709 0.7904066736183525 0.44917463075586445 0.7831074035453598 0.4561251086012163 0.781021897810219 0.4865334491746307 0.7778936392075079 0.5595134665508253 0.781021897810219 0.5968722849695917
5 0.13034410844629823 0.5351867940920938 0.13555787278415016 0.5317115551694178 0.1543274244004171 0.5317115551694178 0.2533889468196038 0.5386620330147698 0.264859228362878 0.5421372719374457 0.26903023983315955 0.5577758470894874 0.2850187695516163 0.5421372719374457 0.2909280500521377 0.5421372719374457 0.7226277372262774 0.573414422241529 0.7758081334723671 0.58123370981755 0.7716371220020856 0.5456125108601216 0.7758081334723671 0.522154648132059 0.7398331595411888 0.5095569070373588 0.7299270072992701 0.4934839270199826 0.7174139728884255 0.4882710686359687 0.27528675703858185 0.46394439617723715 0.23253388946819603 0.4674196350999131 0.17518248175182483 0.47958297132927885 0.14702815432742442 0.47958297132927885 0.13138686131386862 0.48566463944396177 0.12304483837330553 0.49695916594265854 0.12408759124087591 0.5291051259774109 0.13034410844629823 0.5351867940920938
3 0.27424400417101147 0.5708079930495221 0.2794577685088634 0.5595134665508253 0.264859228362878 0.5586446568201564 0.26903023983315955 0.5708079930495221 0.27424400417101147 0.5708079930495221
3 0.8529718456725757 0.6159860990443092 0.8571428571428572 0.6125108601216334 0.854014598540146 0.5916594265855777 0.8467153284671534 0.5986099044309295 0.8529718456725757 0.6159860990443092
3 0.15015641293013557 0.6012163336229366 0.1553701772679875 0.5977410947002606 0.1699687174139729 0.5516941789748044 0.15745568300312826 0.5482189400521286 0.15328467153284672 0.5543006081668115 0.1480709071949948 0.5873153779322328 0.15015641293013557 0.6012163336229366
3 0.7622523461939521 0.6507384882710686 0.7695516162669448 0.6550825369244135 0.7768508863399375 0.6446568201563857 0.7831074035453598 0.6012163336229366 0.7789363920750783 0.6003475238922675 0.7758081334723671 0.6185925282363162 0.759124087591241 0.6220677671589921 0.7518248175182481 0.5977410947002606 0.7466110531803962 0.5960034752389226 0.7580813347236706 0.6411815812337098 0.7622523461939521 0.6507384882710686
10 0 0.999131190269331 0.9989572471324296 0.999131190269331 0.9989572471324296 0 0 0 0 0.999131190269331
1 0.132429614181439 0.5464813205907906 0.205422314911366 0.5534317984361424 0.7580813347236706 0.5951346655082537 0.7758081334723671 0.5951346655082537 0.7778936392075079 0.5855777584708949 0.772679874869656 0.577758470894874 0.7059436913451512 0.5716768027801911 0.12825860271115747 0.5325803649000869 0.1261730969760167 0.5386620330147698 0.132429614181439 0.5464813205907906
