0 0.26277372262773724 0.3570807993049522 0.2805005213764338 0.40660295395308427 0.2857142857142857 0.4439617723718505 0.42440041710114706 0.45351867940920937 0.4994786235662148 0.4613379669852302 0.5276329509906152 0.4674196350999131 0.5547445255474452 0.46481320590790615 0.6819603753910324 0.472632493483927 0.708029197080292 0.4144222415291051 0.7236704900938478 0.3979148566463944 0.7716371220020856 0.3822762814943527 0.8342022940563086 0.37445699391833187 0.8508863399374349 0.3822762814943527 0.8508863399374349 0.40052128583840135 0.8581856100104276 0.4048653344917463 0.886339937434828 0.3953084274543875 0.8905109489051095 0.3796698523023458 0.8915537017726799 0.35621198957428324 0.8842544316996872 0.3449174630755864 0.2909280500521377 0.3197219808861859 0.26798748696558916 0.31624674196351 0.2586027111574557 0.31798436142484793 0.2533889468196038 0.3310165073848827 0.2523461939520334 0.3423110338835795 0.26277372262773724 0.3570807993049522
5 0.10531803962460896 0.49435273675065156 0.10218978102189781 0.49782797567332754 0.1386861313868613 0.5013032145960035 0.14077163712200208 0.5056472632493484 0.15119916579770595 0.5056472632493484 0.16058394160583941 0.4995655951346655 0.17205422314911367 0.5091225021720243 0.29144942648592287 0.5160729800173761 0.3753910323253389 0.525629887054735 0.410844629822732 0.5230234578627281 0.4421272158498436 0.5291051259774109 0.7028154327424401 0.5525629887054735 0.7549530761209593 0.5534317984361424 0.7549530761209593 0.5013032145960035 0.7372262773722628 0.5047784535186793 0.7288842544316997 0.5134665508253692 0.7236704900938478 0.5117289313640313 0.6986444212721585 0.5186794092093832 0.6913451511991658 0.5178105994787141 0.6767466110531805 0.5056472632493484 0.680917622523462 0.4769765421372719 0.6757038581856101 0.47523892267593393 0.5620437956204379 0.4674196350999131 0.5182481751824818 0.47002606429192006 0.49635036496350365 0.46307558644656815 0.4421272158498436 0.4561251086012163 0.3420229405630866 0.44917463075586445 0.2533889468196038 0.44743701129452645 0.18143899895724713 0.45873153779322323 0.15328467153284672 0.471763683753258 0.1386861313868613 0.471763683753258 0.12930135557872785 0.46568201563857514 0.11991657977059438 0.46568201563857514 0.10010427528675704 0.48045178105994785 0.09906152241918666 0.4891398783666377 0.10531803962460896 0.49435273675065156
1 0.10636079249217936 0.5543006081668115 0.11261730969760167 0.5534317984361424 0.11366006256517205 0.5490877497827975 0.13138686131386862 0.5569070373588184 0.46506777893639206 0.5899218071242398 0.49113660062565173 0.5881841876629018 0.49530761209593327 0.5916594265855777 0.5224191866527633 0.5951346655082537 0.7059436913451512 0.6116420503909643 0.7132429614181439 0.6090356211989574 0.7163712200208551 0.5925282363162467 0.7205422314911366 0.5890529973935708 0.7330552659019812 0.5890529973935708 0.7372262773722628 0.6125108601216334 0.7559958289885297 0.6159860990443092 0.7549530761209593 0.5560382276281494 0.41397288842544316 0.525629887054735 0.3743482794577685 0.526498696785404 0.31386861313868614 0.5186794092093832 0.11261730969760167 0.5039096437880104 0.10531803962460896 0.5039096437880104 0.10010427528675704 0.5143353605560382 0.09906152241918666 0.5499565595134666 0.10636079249217936 0.5543006081668115
2 0.7601668404588113 0.6168549087749783 0.7716371220020856 0.6168549087749783 0.8779979144942649 0.5664639443961772 0.9144942648592284 0.5438748913987836 0.9186652763295099 0.4352736750651607 0.9165797705943691 0.3935708079930495 0.9113660062565172 0.39096437880104257 0.8925964546402503 0.3935708079930495 0.7664233576642336 0.4396177237185056 0.7622523461939521 0.4456993918331885 0.7580813347236706 0.5013032145960035 0.7559958289885297 0.6125108601216334 0.7601668404588113 0.6168549087749783
4 0.08029197080291971 0.4144222415291051 0.08654848800834203 0.5421372719374457 0.08759124087591241 0.5499565595134666 0.0959332638164755 0.5525629887054735 0.09906152241918666 0.5499565595134666 0.09697601668404589 0.5099913119026933 0.10114702815432743 0.5013032145960035 0.0959332638164755 0.48696785403996523 0.11366006256517205 0.4674196350999131 0.1261730969760167 0.46307558644656815 0.10636079249217936 0.3953084274543875 0.10218978102189781 0.3927019982623805 0.08446298227320126 0.3970460469157254 0.08029197080291971 0.40052128583840135 0.08029197080291971 0.4144222415291051
3 0.8790406673618353 0.6038227628149435 0.8832116788321168 0.5951346655082537 0.8832116788321168 0.5664639443961772 0.8748696558915537 0.5673327541268461 0.8748696558915537 0.6020851433536055 0.8790406673618353 0.6038227628149435
3 0.47653806047966635 0.6229365768896611 0.4848800834202294 0.6229365768896611 0.48905109489051096 0.6203301476976542 0.4880083420229406 0.5933970460469157 0.4744525547445256 0.5907906168549087 0.4734098018769552 0.6194613379669852 0.47653806047966635 0.6229365768896611
3 0.11678832116788321 0.6177237185056472 0.1261730969760167 0.6194613379669852 0.1251303441084463 0.5386620330147698 0.11574556830031282 0.5360556038227627 0.11574556830031282 0.6099044309296264 0.11678832116788321 0.6177237185056472
3 0.7320125130344108 0.684622067767159 0.7320125130344108 0.6258323197219808 0.7372262773722628 0.6159860990443092 0.7320125130344108 0.6099044309296264 0.7309697601668405 0.5933970460469157 0.7236704900938478 0.5916594265855777 0.7194994786235662 0.5977410947002606 0.7226277372262774 0.682884448305821 0.7320125130344108 0.684622067767159
10 0 0.999131190269331 0.9989572471324296 0.999131190269331 0.9989572471324296 0 0 0 0 0.999131190269331
