0 0.2586027111574557 0.38488271068635965 0.2575599582898853 0.43874891398783666 0.3023983315954119 0.4404865334491746 0.31178310740354537 0.4361424847958297 0.3232533889468196 0.4422241529105126 0.45359749739311783 0.4509122502172024 0.5078206465067779 0.4622067767158992 0.607924921793535 0.4604691572545612 0.7413972888425443 0.47002606429192006 0.7476538060479666 0.43874891398783666 0.7632950990615225 0.41181581233709813 0.7716371220020856 0.4109470026064292 0.7820646506777894 0.40225890529973934 0.7893639207507821 0.40225890529973934 0.7935349322210636 0.3944396177237185 0.8091762252346194 0.3970460469157254 0.8269030239833159 0.39009556907037357 0.8154327424400417 0.3831450912250217 0.7977059436913452 0.3831450912250217 0.7789363920750783 0.3761946133796698 0.7257559958289885 0.3788010425716768 0.7111574556830031 0.3727193744569939 0.6955161626694474 0.3735881841876629 0.6819603753910324 0.37011294526498695 0.543274244004171 0.3622936576889661 0.5286757038581856 0.365768896611642 0.5255474452554745 0.3631624674196351 0.5036496350364964 0.3640312771503041 0.48383733055265904 0.3605560382276281 0.26068821689259647 0.3518679409209383 0.2533889468196038 0.35534317984361424 0.2586027111574557 0.38488271068635965
2 0.7778936392075079 0.5534317984361424 0.7705943691345152 0.5560382276281494 0.772679874869656 0.576020851433536 0.7685088633993744 0.5951346655082537 0.7966631908237748 0.5977410947002606 0.8237747653806048 0.5829713292788878 0.8289885297184567 0.5855777584708949 0.8300312825860271 0.5986099044309295 0.835245046923879 0.5994787141615986 0.8435870698644421 0.5725456125108601 0.8905109489051095 0.5499565595134666 0.8925964546402503 0.4439617723718505 0.8832116788321168 0.4439617723718505 0.7924921793534933 0.4769765421372719 0.794577685088634 0.5230234578627281 0.7883211678832117 0.5291051259774109 0.772679874869656 0.5291051259774109 0.7705943691345152 0.5395308427454387 0.7758081334723671 0.5421372719374457 0.7778936392075079 0.5534317984361424
4 0.08446298227320126 0.40312771503040834 0.10218978102189781 0.42311033883579496 0.10218978102189781 0.4291920069504778 0.1105318039624609 0.4291920069504778 0.1178310740354536 0.4439617723718505 0.11470281543274244 0.45004344048653344 0.12095933263816476 0.4552562988705473 0.14077163712200208 0.4604691572545612 0.1543274244004171 0.4552562988705473 0.20125130344108447 0.44830582102519545 0.20855057351407716 0.4413553431798436 0.22002085505735142 0.4448305821025195 0.2523461939520334 0.43788010425716767 0.25547445255474455 0.38748913987836664 0.24713242961418144 0.35447437011294525 0.11574556830031282 0.36837532580364896 0.0886339937434828 0.3761946133796698 0.08237747653806048 0.38662033014769764 0.08446298227320126 0.40312771503040834
5 0.1334723670490094 0.5082536924413553 0.14077163712200208 0.5117289313640313 0.4233576642335767 0.5395308427454387 0.46819603753910327 0.5412684622067767 0.5078206465067779 0.5473501303214595 0.6204379562043796 0.5551694178974804 0.6465067778936392 0.5603822762814943 0.6652763295099061 0.5543006081668115 0.6861313868613139 0.5534317984361424 0.6934306569343066 0.5412684622067767 0.7132429614181439 0.5369244135534318 0.7257559958289885 0.523892267593397 0.7372262773722628 0.5186794092093832 0.735140771637122 0.5091225021720243 0.7434827945776851 0.5065160729800173 0.7382690302398331 0.4995655951346655 0.7372262773722628 0.4769765421372719 0.721584984358707 0.473501303214596 0.5860271115745569 0.46307558644656815 0.4984358706986444 0.46394439617723715 0.4285714285714286 0.4517810599478714 0.2898852971845673 0.4422241529105126 0.2367049009384776 0.4448305821025195 0.16475495307612095 0.45873153779322323 0.13451511991657977 0.473501303214596 0.13034410844629823 0.48045178105994785 0.12930135557872785 0.49782797567332754 0.1334723670490094 0.5082536924413553
1 0.15745568300312826 0.5377932232841007 0.7476538060479666 0.5977410947002606 0.7622523461939521 0.5968722849695917 0.7622523461939521 0.576889661164205 0.7424400417101147 0.5699391833188532 0.15954118873826903 0.5152041702867072 0.14285714285714285 0.5152041702867072 0.13660062565172054 0.5291051259774109 0.13555787278415016 0.5325803649000869 0.15745568300312826 0.5377932232841007
3 0.4713242961418144 0.5864465682015638 0.47653806047966635 0.5916594265855777 0.48175182481751827 0.5847089487402258 0.4796663190823775 0.5708079930495221 0.47028154327424404 0.5708079930495221 0.4713242961418144 0.5864465682015638
3 0.8342022940563086 0.6003475238922675 0.8383733055265902 0.5977410947002606 0.8394160583941606 0.577758470894874 0.8289885297184567 0.5821025195482189 0.8289885297184567 0.5968722849695917 0.8342022940563086 0.6003475238922675
3 0.12930135557872785 0.5725456125108601 0.13555787278415016 0.576020851433536 0.1386861313868613 0.573414422241529 0.14181438998957246 0.5386620330147698 0.14077163712200208 0.5360556038227627 0.1251303441084463 0.5343179843614249 0.12304483837330553 0.5403996524761077 0.12930135557872785 0.5725456125108601
3 0.7768508863399375 0.6490008688097306 0.781021897810219 0.6463944396177237 0.7893639207507821 0.6046915725456125 0.7685088633993744 0.6003475238922675 0.7705943691345152 0.6463944396177237 0.7768508863399375 0.6490008688097306
10 0 0.999131190269331 0.9989572471324296 0.999131190269331 0.9989572471324296 0 0 0 0 0.999131190269331
