0 0.3169968717413973 0.4465682015638575 0.38686131386861317 0.4517810599478714 0.39416058394160586 0.44830582102519545 0.4056308654848801 0.45438748913987836 0.42544316996871745 0.4561251086012163 0.48279457768508866 0.4569939183318853 0.5338894681960376 0.46307558644656815 0.5547445255474452 0.45873153779322323 0.5630865484880083 0.46307558644656815 0.5839416058394161 0.46568201563857514 0.7028154327424401 0.470894874022589 0.7069864442127216 0.4674196350999131 0.7132429614181439 0.43179843614248475 0.7236704900938478 0.41876629018245004 0.7580813347236706 0.4083405734144222 0.8039624608967675 0.40139009556907035 0.8310740354535975 0.3918331885317115 0.8362877997914494 0.3796698523023458 0.8331595411887383 0.36837532580364896 0.8415015641293013 0.35447437011294525 0.8446298227320125 0.314509122502172 0.8300312825860271 0.3040834057341442 0.8123044838373306 0.3023457862728062 0.6412930135557873 0.2988705473501303 0.5870698644421273 0.2997393570807993 0.5735140771637122 0.3049522154648132 0.5662148070907195 0.2997393570807993 0.529718456725756 0.29626411815812337 0.3399374348279458 0.29192006950477845 0.33263816475495306 0.3006081668114683 0.30656934306569344 0.40660295395308427 0.30552659019812306 0.4422241529105126 0.3169968717413973 0.4465682015638575
4 0.10218978102189781 0.5456125108601216 0.10844629822732013 0.5638575152041703 0.11470281543274244 0.5690703735881841 0.132429614181439 0.5690703735881841 0.13555787278415016 0.5655951346655083 0.13660062565172054 0.5569070373588184 0.13138686131386862 0.5551694178974804 0.12304483837330553 0.5030408340573415 0.12304483837330553 0.48045178105994785 0.12930135557872785 0.470894874022589 0.1845672575599583 0.4604691572545612 0.264859228362878 0.45873153779322323 0.3023983315954119 0.44917463075586445 0.2961418143899896 0.4422241529105126 0.2961418143899896 0.4361424847958297 0.3086548488008342 0.3831450912250217 0.30656934306569344 0.37185056472632494 0.11261730969760167 0.38662033014769764 0.08342022940563087 0.3953084274543875 0.08133472367049009 0.4048653344917463 0.10218978102189781 0.5456125108601216
2 0.7340980187695516 0.6238053866203301 0.8738269030239834 0.5673327541268461 0.9019812304483837 0.4465682015638575 0.9176225234619395 0.3622936576889661 0.913451511991658 0.35447437011294525 0.894681960375391 0.3501303214596003 0.8477580813347237 0.3518679409209383 0.8415015641293013 0.39617723718505643 0.7393117831074035 0.41615986099044305 0.7205422314911366 0.4248479582971329 0.7132429614181439 0.4456993918331885 0.6923879040667362 0.5977410947002606 0.6934306569343066 0.6177237185056472 0.7340980187695516 0.6238053866203301
5 0.19603753910323254 0.5317115551694178 0.22002085505735142 0.5317115551694178 0.22523461939520334 0.5395308427454387 0.2492179353493222 0.5351867940920938 0.3482794577685089 0.5438748913987836 0.42544316996871745 0.5456125108601216 0.45255474452554745 0.5525629887054735 0.46506777893639206 0.5508253692441355 0.5620437956204379 0.5595134665508253 0.5745568300312826 0.5664639443961772 0.6694473409801878 0.5690703735881841 0.6934306569343066 0.5682015638575152 0.7017726798748697 0.5464813205907906 0.7069864442127216 0.4769765421372719 0.6955161626694474 0.472632493483927 0.570385818561001 0.4674196350999131 0.5380604796663191 0.470894874022589 0.4942648592283629 0.4613379669852302 0.3180396246089677 0.4517810599478714 0.2638164754953076 0.4596003475238922 0.17518248175182483 0.4613379669852302 0.16892596454640252 0.46394439617723715 0.14911366006256518 0.45873153779322323 0.1251303441084463 0.4769765421372719 0.1261730969760167 0.522154648132059 0.19603753910323254 0.5317115551694178
1 0.13034410844629823 0.5708079930495221 0.14077163712200208 0.573414422241529 0.656934306569343 0.6194613379669852 0.694473409801877 0.6194613379669852 0.6913451511991658 0.6046915725456125 0.694473409801877 0.5742832319721981 0.6903023983315955 0.5708079930495221 0.397288842544317 0.5456125108601216 0.19708029197080293 0.5325803649000869 0.15745568300312826 0.526498696785404 0.13138686131386862 0.5282363162467419 0.13555787278415016 0.5586446568201564 0.13034410844629823 0.5708079930495221
3 0.3597497393117831 0.6133796698523023 0.3660062565172054 0.6055603822762815 0.3660062565172054 0.5951346655082537 0.3524504692387904 0.5925282363162467 0.35140771637122004 0.6107732406602954 0.3597497393117831 0.6133796698523023
3 0.8227320125130344 0.6420503909643788 0.835245046923879 0.6455256298870548 0.8404588112617309 0.6194613379669852 0.8415015641293013 0.5821025195482189 0.8206465067778936 0.5881841876629018 0.8206465067778936 0.6368375325803649 0.8227320125130344 0.6420503909643788
3 0.16684045881126175 0.6507384882710686 0.17518248175182483 0.6455256298870548 0.1772679874869656 0.58123370981755 0.17518248175182483 0.575152041702867 0.15015641293013557 0.575152041702867 0.15641293013555788 0.6472632493483926 0.16684045881126175 0.6507384882710686
3 0.7059436913451512 0.7054735013032145 0.7142857142857143 0.7080799304952216 0.7226277372262774 0.6993918331885317 0.7267987486965589 0.6255430060816681 0.6976016684045881 0.6238053866203301 0.7028154327424401 0.6976542137271937 0.7059436913451512 0.7054735013032145
10 0 0.999131190269331 0.9989572471324296 0.999131190269331 0.9989572471324296 0 0 0 0 0.999131190269331
