0 0.278415015641293 0.41702867072111205 0.28362877997914493 0.4352736750651607 0.2846715328467153 0.4665508253692441 0.2909280500521377 0.4682884448305821 0.4233576642335767 0.473501303214596 0.4619395203336809 0.4778453518679409 0.4932221063607925 0.48566463944396177 0.5411887382690302 0.48132059079061684 0.6871741397288843 0.48218940052128584 0.7716371220020856 0.4917463075586446 0.7778936392075079 0.4891398783666377 0.7831074035453598 0.473501303214596 0.7956204379562044 0.4569939183318853 0.8237747653806048 0.4396177237185056 0.8383733055265902 0.4370112945264987 0.8581856100104276 0.42745438748913983 0.8665276329509907 0.4257167680278019 0.8696558915537018 0.4300608166811468 0.8738269030239834 0.4239791485664639 0.8856444212721585 0.4239791485664639 0.9051094890510949 0.4422241529105126 0.908237747653806 0.43179843614248475 0.9019812304483837 0.4300608166811468 0.9103232533889468 0.42137271937445697 0.9103232533889468 0.4135534317984361 0.9030239833159541 0.4109470026064292 0.9019812304483837 0.38488271068635965 0.9061522419186653 0.3727193744569939 0.9113660062565172 0.37532580364900087 0.9144942648592284 0.36924413553431795 0.9165797705943691 0.3318853171155517 0.9103232533889468 0.32406602953953084 0.8978102189781022 0.3205907906168549 0.7643378519290929 0.3110338835794961 0.4734098018769552 0.30842745438748914 0.33263816475495306 0.31277150304083406 0.30761209593326383 0.31711555169417893 0.29301355578727845 0.3266724587315378 0.2721584984358707 0.3953084274543875 0.27007299270072993 0.40573414422241527 0.278415015641293 0.41702867072111205
5 0.09801876955161627 0.5551694178974804 0.1178310740354536 0.5551694178974804 0.14702815432742442 0.5612510860121633 0.16892596454640252 0.5569070373588184 0.29301355578727845 0.5673327541268461 0.38686131386861317 0.5716768027801911 0.40875912408759124 0.5690703735881841 0.47653806047966635 0.576889661164205 0.7278415015641293 0.5881841876629018 0.7476538060479666 0.5925282363162467 0.7507820646506778 0.5899218071242398 0.7622523461939521 0.5907906168549087 0.7935349322210636 0.578627280625543 0.8029197080291971 0.5829713292788878 0.8060479666319083 0.5742832319721981 0.8039624608967675 0.5421372719374457 0.799791449426486 0.5351867940920938 0.748696558915537 0.49695916594265854 0.7455683003128258 0.49087749782797563 0.7049009384775808 0.4865334491746307 0.5985401459854015 0.48132059079061684 0.48905109489051096 0.4882710686359687 0.4483837330552659 0.47871416159860986 0.38060479666319086 0.472632493483927 0.3420229405630866 0.47002606429192006 0.2523461939520334 0.471763683753258 0.21689259645464026 0.47437011294526493 0.17831074035453598 0.48045178105994785 0.16892596454640252 0.48479582971329277 0.13764337851929093 0.4874022589052997 0.11261730969760167 0.49435273675065156 0.10948905109489052 0.4986967854039965 0.0959332638164755 0.5013032145960035 0.08446298227320126 0.5082536924413553 0.08654848800834203 0.5499565595134666 0.09801876955161627 0.5551694178974804
2 0.7977059436913452 0.5299739357080799 0.8070907194994786 0.5412684622067767 0.8112617309697602 0.5716768027801911 0.8102189781021898 0.5994787141615986 0.8060479666319083 0.6055603822762815 0.8102189781021898 0.6029539530842745 0.8154327424400417 0.6055603822762815 0.8696558915537018 0.5847089487402258 0.8852971845672576 0.5847089487402258 0.8978102189781022 0.573414422241529 0.9176225234619395 0.35534317984361424 0.9176225234619395 0.3362293657688966 0.9113660062565172 0.32841007819287577 0.9092805005213764 0.3414422241529105 0.9030239833159541 0.3475238922675934 0.9040667361835245 0.3727193744569939 0.894681960375391 0.4126846220677671 0.881126173096976 0.42311033883579496 0.8561001042752868 0.4265855777584709 0.8070907194994786 0.4465682015638575 0.7914494264859229 0.4596003475238922 0.7768508863399375 0.49087749782797563 0.7747653806047967 0.5160729800173761 0.7977059436913452 0.5299739357080799
4 0.132429614181439 0.4874022589052997 0.20959332638164754 0.473501303214596 0.2846715328467153 0.4674196350999131 0.28258602711157454 0.43440486533449174 0.2773722627737226 0.41789748045178104 0.26903023983315955 0.4083405734144222 0.2533889468196038 0.4126846220677671 0.15328467153284672 0.4239791485664639 0.13764337851929093 0.4300608166811468 0.12825860271115747 0.4448305821025195 0.12825860271115747 0.48479582971329277 0.132429614181439 0.4874022589052997
1 0.09384775808133472 0.5742832319721981 0.13764337851929093 0.5803649000868809 0.2794577685088634 0.5899218071242398 0.2909280500521377 0.5881841876629018 0.36392075078206465 0.5951346655082537 0.7685088633993744 0.6177237185056472 0.799791449426486 0.6125108601216334 0.8070907194994786 0.6072980017376194 0.808133472367049 0.5986099044309295 0.8029197080291971 0.5890529973935708 0.7768508863399375 0.5986099044309295 0.7247132429614181 0.5899218071242398 0.6986444212721585 0.5907906168549087 0.5964546402502607 0.5821025195482189 0.46715328467153283 0.576889661164205 0.12930135557872785 0.5551694178974804 0.0886339937434828 0.5560382276281494 0.08759124087591241 0.5673327541268461 0.09384775808133472 0.5742832319721981
3 0.8936392075078207 0.5994787141615986 0.8967674661105318 0.5951346655082537 0.8925964546402503 0.5847089487402258 0.8873826903023984 0.5847089487402258 0.8936392075078207 0.5994787141615986
3 0.28884254431699685 0.6055603822762815 0.29301355578727845 0.6029539530842745 0.29301355578727845 0.5907906168549087 0.2857142857142857 0.5907906168549087 0.28884254431699685 0.6055603822762815
3 0.8978102189781022 0.6411815812337098 0.8967674661105318 0.6012163336229366 0.8905109489051095 0.6020851433536055 0.8978102189781022 0.6411815812337098
3 0.09906152241918666 0.5864465682015638 0.11747242018291347 0.5796289020347856 0.09906152241918666 0.576889661164205 0.09176225234619395 0.58123370981755 0.0886339937434828 0.5899218071242398 0.08654848800834203 0.6385751520417028 0.09176225234619395 0.6403127715030408 0.09489051094890512 0.6377063423110338 0.09906152241918666 0.5864465682015638
3 0.7705943691345152 0.63249348392702 0.7737226277372263 0.6880973066898349 0.7758081334723671 0.6915725456125108 0.7831074035453598 0.6915725456125108 0.7799791449426486 0.6229365768896611 0.7507820646506778 0.6185925282363162 0.7664233576642336 0.6255430060816681 0.7705943691345152 0.63249348392702
10 0 0.999131190269331 0.9989572471324296 0.999131190269331 0.9989572471324296 0 0 0 0 0.999131190269331
