0 0.1543274244004171 0.47523892267593393 0.16684045881126175 0.47871416159860986 0.2064650677789364 0.47002606429192006 0.31178310740354537 0.4674196350999131 0.39416058394160586 0.472632493483927 0.5985401459854015 0.471763683753258 0.6152241918665277 0.47437011294526493 0.6256517205422315 0.4830582102519548 0.6527632950990615 0.48132059079061684 0.6694473409801878 0.4769765421372719 0.6798748696558916 0.4239791485664639 0.6871741397288843 0.4092093831450912 0.6955161626694474 0.40312771503040834 0.7174139728884255 0.3979148566463944 0.7476538060479666 0.39617723718505643 0.808133472367049 0.3987836663770634 0.8133472367049009 0.39096437880104257 0.8102189781021898 0.36924413553431795 0.7893639207507821 0.3605560382276281 0.7247132429614181 0.35534317984361424 0.6684045881126174 0.3466550825369244 0.6590198123044838 0.34839270199826233 0.6412930135557873 0.36750651607298 0.3733055265901981 0.3727193744569939 0.30761209593326383 0.3761946133796698 0.2846715328467153 0.3822762814943527 0.27632950990615224 0.37098175499565594 0.13660062565172054 0.36837532580364896 0.12408759124087591 0.37445699391833187 0.14911366006256518 0.46915725456125107 0.1543274244004171 0.47523892267593393
2 0.6767466110531805 0.5960034752389226 0.7737226277372263 0.5968722849695917 0.9113660062565172 0.5716768027801911 0.9155370177267987 0.5534317984361424 0.9186652763295099 0.4465682015638575 0.913451511991658 0.4109470026064292 0.894681960375391 0.4039965247610773 0.8269030239833159 0.40052128583840135 0.7247132429614181 0.3987836663770634 0.6955161626694474 0.4048653344917463 0.6871741397288843 0.4109470026064292 0.6757038581856101 0.44830582102519545 0.667361835245047 0.5291051259774109 0.6652763295099061 0.5916594265855777 0.6767466110531805 0.5960034752389226
4 0.09696133002393925 0.5744300730534379 0.1032325338894682 0.5647263249348392 0.12721584984358708 0.5586446568201564 0.14911366006256518 0.473501303214596 0.12930135557872785 0.4074717636837532 0.09697601668404589 0.4074717636837532 0.08133472367049009 0.41615986099044305 0.08237747653806048 0.5499565595134666 0.08446298227320126 0.5577758470894874 0.09384775808133472 0.5595134665508253 0.09696133002393925 0.5744300730534379
5 0.14181438998957246 0.5134665508253692 0.33263816475495306 0.5230234578627281 0.6579770594369134 0.5343179843614249 0.6652763295099061 0.5325803649000869 0.6684045881126174 0.5082536924413553 0.6684045881126174 0.48479582971329277 0.6652763295099061 0.48218940052128584 0.629822732012513 0.48479582971329277 0.607924921793535 0.472632493483927 0.44421272158498437 0.47437011294526493 0.32742440041710114 0.4682884448305821 0.24191866527632952 0.46915725456125107 0.1929092805005214 0.471763683753258 0.16788321167883213 0.48045178105994785 0.1543274244004171 0.4778453518679409 0.1386861313868613 0.4865334491746307 0.13764337851929093 0.5047784535186793 0.14181438998957246 0.5134665508253692
1 0.12200208550573514 0.5430060816681147 0.12930135557872785 0.5551694178974804 0.1105318039624609 0.5603822762814943 0.410844629822732 0.58123370981755 0.6882168925964547 0.5951346655082537 0.6777893639207508 0.5907906168549087 0.6694473409801878 0.5916594265855777 0.6642335766423357 0.579496090356212 0.6694473409801878 0.5499565595134666 0.6642335766423357 0.5351867940920938 0.15745568300312826 0.5152041702867072 0.14389989572471323 0.5152041702867072 0.12825860271115747 0.522154648132059 0.1251303441084463 0.5421372719374457 0.12200208550573514 0.5430060816681147
3 0.09906152241918666 0.6012163336229366 0.10114702815432743 0.5716768027801911 0.11574556830031282 0.5638575152041703 0.0959332638164755 0.5612510860121633 0.09384775808133472 0.5986099044309295 0.09906152241918666 0.6012163336229366
3 0.8978102189781022 0.5933970460469157 0.8988529718456726 0.6194613379669852 0.9019812304483837 0.6203301476976542 0.9040667361835245 0.576889661164205 0.8905109489051095 0.576889661164205 0.8873826903023984 0.577758470894874 0.8978102189781022 0.5933970460469157
3 0.45776850886339937 0.6064291920069504 0.45985401459854014 0.6107732406602954 0.46923879040667366 0.6116420503909643 0.4734098018769552 0.6046915725456125 0.4734098018769552 0.5847089487402258 0.45881126173096975 0.5829713292788878 0.4556830031282586 0.5847089487402258 0.45776850886339937 0.6064291920069504
3 0.7330552659019812 0.6081668114682884 0.7403545359749739 0.6151172893136403 0.7445255474452555 0.6507384882710686 0.7497393117831074 0.6533449174630755 0.7539103232533889 0.6507384882710686 0.7559958289885297 0.6159860990443092 0.7705943691345152 0.5986099044309295 0.7205422314911366 0.6003475238922675 0.7205422314911366 0.6046915725456125 0.7330552659019812 0.6081668114682884
10 0 0.999131190269331 0.9989572471324296 0.999131190269331 0.9989572471324296 0 0 0 0 0.999131190269331
