0 0.5464025026068822 0.4900086880973067 0.6611053180396246 0.49435273675065156 0.6631908237747653 0.4361424847958297 0.6736183524504693 0.419635099913119 0.6819603753910324 0.4152910512597741 0.7194994786235662 0.41181581233709813 0.7768508863399375 0.40052128583840135 0.7914494264859229 0.39009556907037357 0.7872784150156413 0.38401390095569066 0.7893639207507821 0.3788010425716768 0.7758081334723671 0.37185056472632494 0.5849843587069865 0.36924413553431795 0.570385818561001 0.38662033014769764 0.5724713242961418 0.4074717636837532 0.5589155370177268 0.4109470026064292 0.5589155370177268 0.42311033883579496 0.5526590198123045 0.42745438748913983 0.5474452554744526 0.43874891398783666 0.5411887382690302 0.473501303214596 0.5401459854014599 0.4839270199826238 0.5464025026068822 0.4900086880973067
0 0.3096976016684046 0.47523892267593393 0.3618352450469239 0.4769765421372719 0.443169968717414 0.48479582971329277 0.46506777893639206 0.4900086880973067 0.4874869655891554 0.4874022589052997 0.5088633993743483 0.4926151172893136 0.5255474452554745 0.49087749782797563 0.5318039624608968 0.4778453518679409 0.543274244004171 0.41876629018245004 0.5422314911366006 0.3892267593397046 0.5359749739311783 0.36924413553431795 0.5224191866527633 0.3631624674196351 0.42022940563086547 0.3631624674196351 0.40041710114702816 0.35881841876629017 0.34515119916579773 0.3622936576889661 0.3399374348279458 0.3727193744569939 0.33680917622523465 0.3979148566463944 0.310740354535975 0.4048653344917463 0.30031282586027114 0.4456993918331885 0.3023983315954119 0.45351867940920937 0.29718456725756 0.4596003475238922 0.2961418143899896 0.471763683753258 0.3096976016684046 0.47523892267593393
2 0.667361835245047 0.5925282363162467 0.6725755995828989 0.5968722849695917 0.7101147028154328 0.6029539530842745 0.7466110531803962 0.6003475238922675 0.8978102189781022 0.5551694178974804 0.913451511991658 0.5456125108601216 0.9186652763295099 0.4456993918331885 0.9176225234619395 0.4039965247610773 0.9113660062565172 0.3935708079930495 0.8832116788321168 0.3892267593397046 0.854014598540146 0.39009556907037357 0.6830031282586028 0.420503909643788 0.6746611053180397 0.4248479582971329 0.667361835245047 0.4456993918331885 0.6642335766423357 0.4665508253692441 0.667361835245047 0.5925282363162467
4 0.09176225234619395 0.5516941789748044 0.1261730969760167 0.5560382276281494 0.13451511991657977 0.5534317984361424 0.1334723670490094 0.5125977410947002 0.14494264859228365 0.5013032145960035 0.1845672575599583 0.4882710686359687 0.251303441084463 0.47871416159860986 0.2732012513034411 0.47871416159860986 0.2898852971845673 0.472632493483927 0.30552659019812306 0.4083405734144222 0.31386861313868614 0.3953084274543875 0.32742440041710114 0.39096437880104257 0.3315954118873827 0.37011294526498695 0.29197080291970806 0.36924413553431795 0.12930135557872785 0.38748913987836664 0.09176225234619395 0.3935708079930495 0.08446298227320126 0.3979148566463944 0.08133472367049009 0.40573414422241527 0.08550573514077164 0.5447437011294526 0.09176225234619395 0.5516941789748044
1 0.14181438998957246 0.5838401390095569 0.6642335766423357 0.6281494352736751 0.680917622523462 0.6264118158123371 0.6798748696558916 0.6012163336229366 0.662148070907195 0.5968722849695917 0.5599582898852972 0.5916594265855777 0.5370177267987487 0.5873153779322328 0.18873826903023982 0.5595134665508253 0.12408759124087591 0.5577758470894874 0.1251303441084463 0.5803649000868809 0.14181438998957246 0.5838401390095569
5 0.14285714285714285 0.5560382276281494 0.629822732012513 0.5960034752389226 0.6611053180396246 0.5977410947002606 0.6663190823774765 0.5925282363162467 0.6611053180396246 0.5013032145960035 0.6517205422314911 0.49695916594265854 0.5912408759124088 0.4926151172893136 0.5067778936392076 0.49695916594265854 0.42440041710114706 0.48566463944396177 0.2857142857142857 0.47871416159860986 0.18873826903023982 0.4900086880973067 0.14702815432742442 0.5021720243266724 0.13764337851929093 0.5125977410947002 0.13555787278415016 0.5499565595134666 0.14285714285714285 0.5560382276281494
3 0.46923879040667366 0.6342311033883579 0.47653806047966635 0.6342311033883579 0.4796663190823775 0.6298870547350129 0.4796663190823775 0.6151172893136403 0.47653806047966635 0.6125108601216334 0.46611053180396245 0.6125108601216334 0.46923879040667366 0.6342311033883579
3 0.9019812304483837 0.5716768027801911 0.899895724713243 0.578627280625543 0.9071949947862357 0.587411815812337 0.9071949947862357 0.6229365768896611 0.9144942648592284 0.6255430060816681 0.9155370177267987 0.5525629887054735 0.913451511991658 0.5508253692441355 0.8957247132429614 0.5595134665508253 0.894681960375391 0.5682015638575152 0.9019812304483837 0.5716768027801911
3 0.09280500521376434 0.6298870547350129 0.09384775808133472 0.5951346655082537 0.1032325338894682 0.5847089487402258 0.12825860271115747 0.5847089487402258 0.12200208550573514 0.5714596003475239 0.12095933263816476 0.5569070373588184 0.08446298227320126 0.5543006081668115 0.08446298227320126 0.627280625543006 0.09280500521376434 0.6298870547350129
1 0.7539103232533889 0.6211989574283232 0.8873826903023984 0.58123370981755 0.8915537017726799 0.5638575152041703 0.8873826903023984 0.5595134665508253 0.8790406673618353 0.5603822762814943 0.7549530761209593 0.5960034752389226 0.7466110531803962 0.6029539530842745 0.7445255474452555 0.6194613379669852 0.7539103232533889 0.6211989574283232
3 0.7111574556830031 0.6350999131190269 0.7163712200208551 0.6394439617723718 0.7163712200208551 0.6872284969591659 0.7236704900938478 0.6898349261511728 0.7288842544316997 0.6759339704604691 0.7288842544316997 0.6385751520417028 0.7393117831074035 0.6298870547350129 0.7413972888425443 0.6229365768896611 0.7403545359749739 0.6020851433536055 0.6840458811261731 0.6029539530842745 0.6840458811261731 0.63249348392702 0.7111574556830031 0.6350999131190269
10 0 0.999131190269331 0.9989572471324296 0.999131190269331 0.9989572471324296 0 0 0 0 0.999131190269331
