0 0.40041710114702816 0.4613379669852302 0.46506777893639206 0.45438748913987836 0.6016684045881127 0.45438748913987836 0.6611053180396246 0.4578627280625543 0.6704900938477582 0.4352736750651607 0.6861313868613139 0.41615986099044305 0.7007299270072993 0.40660295395308427 0.7257559958289885 0.40052128583840135 0.7413972888425443 0.40052128583840135 0.772679874869656 0.4083405734144222 0.8123044838373306 0.4283231972198088 0.8373305526590198 0.4352736750651607 0.859228362877998 0.3892267593397046 0.872784150156413 0.3457862728062554 0.8665276329509907 0.34317984361424847 0.8686131386861314 0.33796698523023455 0.8613138686131387 0.33362293657688963 0.7851929092805006 0.3310165073848827 0.5714285714285714 0.33796698523023455 0.5641293013555787 0.3414422241529105 0.41501564129301355 0.3475238922675934 0.3295099061522419 0.34839270199826233 0.2794577685088634 0.43788010425716767 0.2773722627737226 0.4578627280625543 0.40041710114702816 0.4613379669852302
1 0.11157455683003129 0.6038227628149435 0.1334723670490094 0.6159860990443092 0.6371220020855057 0.6455256298870548 0.6558915537017727 0.6437880104257168 0.6496350364963503 0.6246741963509991 0.6496350364963503 0.5638575152041703 0.6402502606882169 0.5612510860121633 0.4233576642335767 0.5551694178974804 0.36287799791449427 0.5482189400521286 0.3227320125130344 0.5525629887054735 0.264859228362878 0.5525629887054735 0.12408759124087591 0.5447437011294526 0.11261730969760167 0.5499565595134666 0.10636079249217936 0.5569070373588184 0.11157455683003129 0.6038227628149435
2 0.6527632950990615 0.6350999131190269 0.6715328467153285 0.6568201563857515 0.6746611053180397 0.6698523023457862 0.6955161626694474 0.6707211120764552 0.6986444212721585 0.6507384882710686 0.7059436913451512 0.6463944396177237 0.808133472367049 0.630755864465682 0.8488008342022941 0.6264118158123371 0.8571428571428572 0.6437880104257168 0.8748696558915537 0.6437880104257168 0.8779979144942649 0.6255430060816681 0.8936392075078207 0.6194613379669852 0.8978102189781022 0.6055603822762815 0.9103232533889468 0.43788010425716767 0.881126173096976 0.4361424847958297 0.8623566214807091 0.43788010425716767 0.8498435870698645 0.44309296264118153 0.8404588112617309 0.4422241529105126 0.7664233576642336 0.4092093831450912 0.7393117831074035 0.40225890529973934 0.7101147028154328 0.4048653344917463 0.6882168925964547 0.41702867072111205 0.6736183524504693 0.4352736750651607 0.662148070907195 0.46481320590790615 0.6548488008342023 0.5186794092093832 0.6506777893639207 0.5951346655082537 0.6527632950990615 0.6350999131190269
4 0.08759124087591241 0.6090356211989574 0.09176225234619395 0.6125108601216334 0.10010427528675704 0.6125108601216334 0.10948905109489052 0.6090356211989574 0.10531803962460896 0.5629887054735012 0.11261730969760167 0.5430060816681147 0.12408759124087591 0.5325803649000869 0.12095933263816476 0.5291051259774109 0.10114702815432743 0.527367506516073 0.09489051094890512 0.5182450043440486 0.09697601668404589 0.48479582971329277 0.12095933263816476 0.473501303214596 0.18143899895724713 0.4604691572545612 0.264859228362878 0.4596003475238922 0.2711157455683003 0.4456993918331885 0.18873826903023982 0.41702867072111205 0.1616266944734098 0.4135534317984361 0.1334723670490094 0.41615986099044305 0.1105318039624609 0.42745438748913983 0.09906152241918666 0.4396177237185056 0.08759124087591241 0.46915725456125107 0.08237747653806048 0.49782797567332754 0.08446298227320126 0.5942658557775847 0.08759124087591241 0.6090356211989574
3 0.3420229405630866 0.5647263249348392 0.34515119916579773 0.5577758470894874 0.3399374348279458 0.5560382276281494 0.33785192909280504 0.5647263249348392 0.3420229405630866 0.5647263249348392
3 0.3722627737226277 0.5682015638575152 0.3753910323253389 0.5603822762814943 0.36287799791449427 0.5560382276281494 0.3618352450469239 0.5682015638575152 0.3722627737226277 0.5682015638575152
3 0.1261730969760167 0.6342311033883579 0.12721584984358708 0.6177237185056472 0.10531803962460896 0.6159860990443092 0.10531803962460896 0.6333622936576889 0.1261730969760167 0.6342311033883579
3 0.8759124087591241 0.6463944396177237 0.8800834202294057 0.6255430060816681 0.854014598540146 0.6281494352736751 0.8550573514077164 0.6455256298870548 0.8759124087591241 0.6463944396177237
3 0.6736183524504693 0.6724587315377932 0.6955161626694474 0.6750651607298002 0.7007299270072993 0.6498696785403996 0.6694473409801878 0.6490008688097306 0.6694473409801878 0.6655082536924413 0.6736183524504693 0.6724587315377932
5 0.12721584984358708 0.5386620330147698 0.15954118873826903 0.5456125108601216 0.32533889468196037 0.5508253692441355 0.34306569343065696 0.5482189400521286 0.3660062565172054 0.5377932232841007 0.39520333680917624 0.5490877497827975 0.42440041710114706 0.5543006081668115 0.6110531803962461 0.5577758470894874 0.643378519290928 0.5525629887054735 0.6506777893639207 0.5482189400521286 0.6579770594369134 0.46307558644656815 0.6496350364963503 0.4596003475238922 0.5797705943691346 0.45438748913987836 0.47028154327424404 0.4552562988705473 0.40771637122002086 0.46481320590790615 0.264859228362878 0.4569939183318853 0.18873826903023982 0.4604691572545612 0.11366006256517205 0.4769765421372719 0.10948905109489052 0.471763683753258 0.09697601668404589 0.473501303214596 0.0959332638164755 0.523892267593397 0.12721584984358708 0.5386620330147698
10 0 0.999131190269331 0.9989572471324296 0.999131190269331 0.9989572471324296 0 0 0 0 0.999131190269331
