0 0.21689259645464026 0.41181581233709813 0.2273201251303441 0.40573414422241527 0.4191866527632951 0.4144222415291051 0.4921793534932221 0.4135534317984361 0.5057351407716372 0.4239791485664639 0.4994786235662148 0.4526498696785404 0.4984358706986444 0.47002606429192006 0.5015641293013556 0.473501303214596 0.5151199165797706 0.47002606429192006 0.5265901981230449 0.4265855777584709 0.5359749739311783 0.4152910512597741 0.7153284671532847 0.4265855777584709 0.8206465067778936 0.42745438748913983 0.8373305526590198 0.43179843614248475 0.8425443169968717 0.4404865334491746 0.8446298227320125 0.4613379669852302 0.8905109489051095 0.4552562988705473 0.9019812304483837 0.44743701129452645 0.9155370177267987 0.42137271937445697 0.9061522419186653 0.3831450912250217 0.8800834202294057 0.37532580364900087 0.5776850886339937 0.3622936576889661 0.5411887382690302 0.365768896611642 0.5015641293013556 0.3605560382276281 0.2794577685088634 0.35447437011294525 0.2283628779979145 0.35534317984361424 0.22002085505735142 0.37098175499565594 0.21063607924921793 0.4100781928757602 0.21272158498435872 0.42311033883579496 0.21689259645464026 0.41181581233709813
5 0.10531803962460896 0.5230234578627281 0.3931178310740355 0.5386620330147698 0.43899895724713245 0.5377932232841007 0.767466110531804 0.5612510860121633 0.808133472367049 0.5612510860121633 0.8289885297184567 0.5551694178974804 0.835245046923879 0.5508253692441355 0.8373305526590198 0.5395308427454387 0.8373305526590198 0.5291051259774109 0.8279457768508863 0.5160729800173761 0.8018769551616267 0.5091225021720243 0.7924921793534933 0.49522154648132055 0.7851929092805006 0.4926151172893136 0.6996871741397289 0.4830582102519548 0.5922836287799792 0.4761077324066029 0.49113660062565173 0.48132059079061684 0.4098018769551616 0.46915725456125107 0.2721584984358707 0.46307558644656815 0.10531803962460896 0.4778453518679409 0.0886339937434828 0.48479582971329277 0.08237747653806048 0.5013032145960035 0.08237747653806048 0.5143353605560382 0.10531803962460896 0.5230234578627281
1 0.1261730969760167 0.5638575152041703 0.13764337851929093 0.5603822762814943 0.46611053180396245 0.5847089487402258 0.786235662148071 0.6038227628149435 0.8237747653806048 0.6012163336229366 0.8321167883211679 0.5968722849695917 0.8331595411887383 0.5855777584708949 0.8383733055265902 0.5821025195482189 0.8383733055265902 0.573414422241529 0.8279457768508863 0.5577758470894874 0.09697601668404589 0.520417028670721 0.09071949947862357 0.520417028670721 0.08759124087591241 0.524761077324066 0.08759124087591241 0.5569070373588184 0.1261730969760167 0.5638575152041703
2 0.8269030239833159 0.5134665508253692 0.8373305526590198 0.522154648132059 0.8394160583941606 0.5464813205907906 0.8342022940563086 0.5560382276281494 0.8331595411887383 0.5960034752389226 0.8696558915537018 0.5829713292788878 0.8759124087591241 0.5986099044309295 0.8894681960375391 0.5994787141615986 0.8915537017726799 0.576889661164205 0.9113660062565172 0.5664639443961772 0.9176225234619395 0.4126846220677671 0.9144942648592284 0.4109470026064292 0.908237747653806 0.44309296264118153 0.899895724713243 0.45351867940920937 0.8821689259645464 0.4622067767158992 0.8529718456725757 0.46307558644656815 0.8237747653806048 0.473501303214596 0.8018769551616267 0.49435273675065156 0.8060479666319083 0.5065160729800173 0.8269030239833159 0.5134665508253692
4 0.11887382690302399 0.47523892267593393 0.15015641293013557 0.47523892267593393 0.20020855057351408 0.4674196350999131 0.2064650677789364 0.46307558644656815 0.20959332638164754 0.43179843614248475 0.12825860271115747 0.4404865334491746 0.11887382690302399 0.4456993918331885 0.11678832116788321 0.4517810599478714 0.11574556830031282 0.471763683753258 0.11887382690302399 0.47523892267593393
3 0.8894681960375391 0.5838401390095569 0.8905109489051095 0.579496090356212 0.8800834202294057 0.5821025195482189 0.8790406673618353 0.5855777584708949 0.8894681960375391 0.5838401390095569
3 0.48383733055265904 0.6055603822762815 0.4869655891553702 0.5864465682015638 0.47653806047966635 0.5847089487402258 0.47549530761209596 0.6029539530842745 0.48383733055265904 0.6055603822762815
3 0.12095933263816476 0.5977410947002606 0.12930135557872785 0.6003475238922675 0.13555787278415016 0.578627280625543 0.13451511991657977 0.5629887054735012 0.11574556830031282 0.5612510860121633 0.11470281543274244 0.577758470894874 0.12095933263816476 0.5977410947002606
3 0.7883211678832117 0.6429192006950477 0.7977059436913452 0.6455256298870548 0.8060479666319083 0.6203301476976542 0.8039624608967675 0.6055603822762815 0.7831074035453598 0.6055603822762815 0.7820646506777894 0.6203301476976542 0.7883211678832117 0.6429192006950477
10 0 0.999131190269331 0.9989572471324296 0.999131190269331 0.9989572471324296 0 0 0 0 0.999131190269331
