0 0.3315954118873827 0.46481320590790615 0.45359749739311783 0.47002606429192006 0.5078206465067779 0.4778453518679409 0.6047966631908238 0.471763683753258 0.6611053180396246 0.472632493483927 0.6934306569343066 0.4465682015638575 0.7299270072992701 0.4309296264118158 0.7737226277372263 0.419635099913119 0.8321167883211679 0.41876629018245004 0.8425443169968717 0.4152910512597741 0.845672575599583 0.4100781928757602 0.8415015641293013 0.38662033014769764 0.845672575599583 0.37532580364900087 0.8321167883211679 0.37098175499565594 0.34932221063607927 0.366637706342311 0.28362877997914493 0.3622936576889661 0.2721584984358707 0.40660295395308427 0.2721584984358707 0.4248479582971329 0.3315954118873827 0.46481320590790615
5 0.16475495307612095 0.5212858384013901 0.7028154327424401 0.5447437011294526 0.7194994786235662 0.5447437011294526 0.7413972888425443 0.5395308427454387 0.7455683003128258 0.5351867940920938 0.7466110531803962 0.5186794092093832 0.7372262773722628 0.5013032145960035 0.6861313868613139 0.5030408340573415 0.6548488008342023 0.4986967854039965 0.6506777893639207 0.4891398783666377 0.6548488008342023 0.4769765421372719 0.6506777893639207 0.47523892267593393 0.5745568300312826 0.47523892267593393 0.5046923879040668 0.48132059079061684 0.4859228362877998 0.4761077324066029 0.4421272158498436 0.471763683753258 0.3305526590198123 0.4665508253692441 0.2440041710114703 0.47437011294526493 0.20437956204379562 0.48218940052128584 0.17205422314911367 0.4830582102519548 0.15328467153284672 0.4882710686359687 0.13764337851929093 0.5004344048653344 0.13660062565172054 0.5117289313640313 0.16475495307612095 0.5212858384013901
1 0.1251303441084463 0.5456125108601216 0.132429614181439 0.5490877497827975 0.13451511991657977 0.5543006081668115 0.2575599582898853 0.5612510860121633 0.2669447340980188 0.5577758470894874 0.28258602711157454 0.5629887054735012 0.7059436913451512 0.5855777584708949 0.7559958289885297 0.5847089487402258 0.748696558915537 0.58123370981755 0.748696558915537 0.5499565595134666 0.7382690302398331 0.5447437011294526 0.5140771637122002 0.5369244135534318 0.41501564129301355 0.5291051259774109 0.39520333680917624 0.5325803649000869 0.1616266944734098 0.5212858384013901 0.14702815432742442 0.5212858384013901 0.13764337851929093 0.5291051259774109 0.13764337851929093 0.5360556038227627 0.1251303441084463 0.5456125108601216
3 0.26903023983315955 0.5673327541268461 0.26903023983315955 0.5621198957428323 0.26277372262773724 0.5621198957428323 0.26173096976016685 0.5655951346655083 0.26903023983315955 0.5673327541268461
3 0.12930135557872785 0.5951346655082537 0.13034410844629823 0.5560382276281494 0.12304483837330553 0.5543006081668115 0.12095933263816476 0.5933970460469157 0.12930135557872785 0.5951346655082537
3 0.8832116788321168 0.6029539530842745 0.886339937434828 0.5994787141615986 0.886339937434828 0.5682015638575152 0.8832116788321168 0.5664639443961772 0.8769551616266945 0.5699391833188532 0.8759124087591241 0.5994787141615986 0.8832116788321168 0.6029539530842745
3 0.7977059436913452 0.6385751520417028 0.799791449426486 0.5933970460469157 0.7977059436913452 0.5907906168549087 0.7893639207507821 0.5916594265855777 0.7883211678832117 0.6350999131190269 0.7977059436913452 0.6385751520417028
2 0.8143899895724713 0.5907906168549087 0.8738269030239834 0.5708079930495221 0.8790406673618353 0.576020851433536 0.8779979144942649 0.5994787141615986 0.8832116788321168 0.6003475238922675 0.8832116788321168 0.5716768027801911 0.8905109489051095 0.5638575152041703 0.9124087591240876 0.5551694178974804 0.9165797705943691 0.5499565595134666 0.9186652763295099 0.4865334491746307 0.9144942648592284 0.4622067767158992 0.8894681960375391 0.4596003475238922 0.8529718456725757 0.46481320590790615 0.767466110531804 0.48479582971329277 0.7559958289885297 0.4891398783666377 0.748696558915537 0.4995655951346655 0.7455683003128258 0.5847089487402258 0.8143899895724713 0.5907906168549087
4 0.1251303441084463 0.5543006081668115 0.13660062565172054 0.5525629887054735 0.16475495307612095 0.48045178105994785 0.14181438998957246 0.46568201563857514 0.11574556830031282 0.4561251086012163 0.09384775808133472 0.45873153779322323 0.08654848800834203 0.46568201563857514 0.0886339937434828 0.5490877497827975 0.1251303441084463 0.5543006081668115
10 0 0.999131190269331 0.9989572471324296 0.999131190269331 0.9989572471324296 0 0 0 0 0.999131190269331
