0 0.26173096976016685 0.4291920069504778 0.26798748696558916 0.4352736750651607 0.2773722627737226 0.45308427454387484 0.278415015641293 0.4674196350999131 0.2857142857142857 0.46915725456125107 0.4723670490093848 0.473501303214596 0.5078206465067779 0.470894874022589 0.5099061522419187 0.473501303214596 0.6715328467153285 0.4761077324066029 0.6830031282586028 0.473501303214596 0.680917622523462 0.4526498696785404 0.6955161626694474 0.4309296264118158 0.7476538060479666 0.4248479582971329 0.7528675703858185 0.41876629018245004 0.7820646506777894 0.4092093831450912 0.786235662148071 0.40052128583840135 0.7966631908237748 0.40225890529973934 0.8039624608967675 0.3987836663770634 0.8039624608967675 0.3892267593397046 0.7893639207507821 0.37532580364900087 0.7831074035453598 0.3761946133796698 0.7737226277372263 0.365768896611642 0.4410844629822732 0.365768896611642 0.27528675703858185 0.36924413553431795 0.25443169968717416 0.3735881841876629 0.24817518248175183 0.4092093831450912 0.24713242961418144 0.4248479582971329 0.26173096976016685 0.4291920069504778
5 0.1105318039624609 0.5065160729800173 0.11261730969760167 0.5152041702867072 0.12304483837330553 0.5212858384013901 0.7153284671532847 0.5438748913987836 0.7434827945776851 0.5421372719374457 0.7476538060479666 0.5395308427454387 0.748696558915537 0.5317115551694178 0.7455683003128258 0.49435273675065156 0.7132429614181439 0.4934839270199826 0.6871741397288843 0.47958297132927885 0.22419186652763295 0.46915725456125107 0.18561001042752867 0.46915725456125107 0.1178310740354536 0.47958297132927885 0.1105318039624609 0.48566463944396177 0.1105318039624609 0.5065160729800173
2 0.7580813347236706 0.5873153779322328 0.7758081334723671 0.5881841876629018 0.8310740354535975 0.5803649000868809 0.8425443169968717 0.5942658557775847 0.8415015641293013 0.6125108601216334 0.8446298227320125 0.6159860990443092 0.8519290928050053 0.6151172893136403 0.8561001042752868 0.5823918331885316 0.872784150156413 0.573414422241529 0.9103232533889468 0.5682015638575152 0.913451511991658 0.5647263249348392 0.9176225234619395 0.46568201563857514 0.9155370177267987 0.41789748045178104 0.7977059436913452 0.4135534317984361 0.7643378519290929 0.41615986099044305 0.7570385818561002 0.42224152910512597 0.7539103232533889 0.4778453518679409 0.7518248175182481 0.5838401390095569 0.7580813347236706 0.5873153779322328
4 0.09176225234619395 0.5551694178974804 0.11157455683003129 0.5551694178974804 0.11574556830031282 0.5508253692441355 0.10844629822732013 0.4874022589052997 0.12408759124087591 0.473501303214596 0.11574556830031282 0.4552562988705473 0.11574556830031282 0.4413553431798436 0.12304483837330553 0.42745438748913983 0.14285714285714285 0.41615986099044305 0.17309697601668406 0.41876629018245004 0.18665276329509906 0.4248479582971329 0.23149113660062565 0.4265855777584709 0.23879040667361837 0.4239791485664639 0.2429614181438999 0.4144222415291051 0.2356621480709072 0.4100781928757602 0.11887382690302399 0.4074717636837532 0.08967674661105318 0.4092093831450912 0.08237747653806048 0.4135534317984361 0.08550573514077164 0.5508253692441355 0.09176225234619395 0.5551694178974804
1 0.12930135557872785 0.5569070373588184 0.6923879040667362 0.5847089487402258 0.7413972888425443 0.5864465682015638 0.7476538060479666 0.58123370981755 0.7476538060479666 0.5490877497827975 0.7372262773722628 0.5464813205907906 0.37643378519290926 0.5299739357080799 0.1178310740354536 0.522154648132059 0.1178310740354536 0.5543006081668115 0.12930135557872785 0.5569070373588184
3 0.28258602711157454 0.5873153779322328 0.28884254431699685 0.5847089487402258 0.2898852971845673 0.5664639443961772 0.278415015641293 0.5647263249348392 0.2773722627737226 0.5847089487402258 0.28258602711157454 0.5873153779322328
3 0.8415015641293013 0.6099044309296264 0.845672575599583 0.6159860990443092 0.8519290928050053 0.6159860990443092 0.8571428571428572 0.5803649000868809 0.8446298227320125 0.58123370981755 0.8415015641293013 0.5821025195482189 0.8415015641293013 0.6099044309296264
3 0.1553701772679875 0.6012163336229366 0.16058394160583941 0.5951346655082537 0.16266944734098018 0.5603822762814943 0.14598540145985403 0.5586446568201564 0.14702815432742442 0.5977410947002606 0.1553701772679875 0.6012163336229366
3 0.7559958289885297 0.6368375325803649 0.7612095933263817 0.6333622936576889 0.7653806047966633 0.5907906168549087 0.7455683003128258 0.5899218071242398 0.7466110531803962 0.6333622936576889 0.7559958289885297 0.6368375325803649
10 0 0.999131190269331 0.9989572471324296 0.999131190269331 0.9989572471324296 0 0 0 0 0.999131190269331
