0 0.29718456725756 0.35447437011294525 0.3034410844629823 0.3779322328410078 0.30656934306569344 0.42224152910512597 0.49113660062565173 0.4370112945264987 0.5172054223149114 0.4352736750651607 0.5307612095933264 0.4396177237185056 0.5922836287799792 0.4439617723718505 0.6183524504692388 0.4439617723718505 0.6256517205422315 0.4039965247610773 0.6371220020855057 0.3918331885317115 0.6798748696558916 0.38401390095569066 0.7007299270072993 0.3761946133796698 0.7361835245046924 0.3735881841876629 0.7747653806047967 0.3640312771503041 0.794577685088634 0.37532580364900087 0.8175182481751825 0.3770634231103388 0.8310740354535975 0.3727193744569939 0.8321167883211679 0.3614248479582971 0.8383733055265902 0.35881841876629017 0.8321167883211679 0.32754126846220677 0.8112617309697602 0.3197219808861859 0.30761209593326383 0.31277150304083406 0.2961418143899896 0.3205907906168549 0.2909280500521377 0.3344917463075586 0.2898852971845673 0.3457862728062554 0.29718456725756 0.35447437011294525
5 0.11887382690302399 0.5073848827106864 0.1386861313868613 0.5073848827106864 0.14077163712200208 0.5125977410947002 0.21063607924921793 0.5143353605560382 0.22627737226277372 0.5186794092093832 0.2523461939520334 0.5169417897480452 0.27528675703858185 0.523892267593397 0.28884254431699685 0.520417028670721 0.656934306569343 0.5699391833188532 0.6840458811261731 0.5682015638575152 0.6934306569343066 0.5534317984361424 0.6923879040667362 0.4874022589052997 0.6798748696558916 0.4874022589052997 0.680917622523462 0.4900086880973067 0.656934306569343 0.4986967854039965 0.6402502606882169 0.49609035621198955 0.6225234619395204 0.48218940052128584 0.6193952033368092 0.45004344048653344 0.6152241918665277 0.4465682015638575 0.3983315954118874 0.4291920069504778 0.3013555787278415 0.4248479582971329 0.23044838373305526 0.43353605560382275 0.15745568300312826 0.44743701129452645 0.1334723670490094 0.44830582102519545 0.11261730969760167 0.4613379669852302 0.11157455683003129 0.5013032145960035 0.11887382690302399 0.5073848827106864
2 0.6986444212721585 0.576889661164205 0.6955161626694474 0.5986099044309295 0.7132429614181439 0.6099044309296264 0.7518248175182481 0.6107732406602954 0.9051094890510949 0.5560382276281494 0.9155370177267987 0.5482189400521286 0.9165797705943691 0.5308427454387489 0.9186652763295099 0.41789748045178104 0.9155370177267987 0.3779322328410078 0.8988529718456726 0.3727193744569939 0.867570385818561 0.37185056472632494 0.7434827945776851 0.3892267593397046 0.7163712200208551 0.3970460469157254 0.7090719499478624 0.4048653344917463 0.7049009384775808 0.420503909643788 0.694473409801877 0.5047784535186793 0.6934306569343066 0.5499565595134666 0.6986444212721585 0.576889661164205
4 0.2148070907194995 0.3579496090356212 0.23357664233576642 0.366637706342311 0.2596454640250261 0.3518679409209383 0.23044838373305526 0.3501303214596003 0.15224191866527634 0.35534317984361424 0.15328467153284672 0.35968722849695917 0.2148070907194995 0.3579496090356212
4 0.08759124087591241 0.524761077324066 0.10740354535974975 0.525629887054735 0.10114702815432743 0.5065160729800173 0.11261730969760167 0.5013032145960035 0.10948905109489052 0.46394439617723715 0.12095933263816476 0.45351867940920937 0.13764337851929093 0.4456993918331885 0.1251303441084463 0.40573414422241527 0.12304483837330553 0.37098175499565594 0.132429614181439 0.3614248479582971 0.14911366006256518 0.35881841876629017 0.09697601668404589 0.35968722849695917 0.08133472367049009 0.36837532580364896 0.08237747653806048 0.5212858384013901 0.08759124087591241 0.524761077324066
1 0.11574556830031282 0.522154648132059 0.11574556830031282 0.527367506516073 0.1334723670490094 0.526498696785404 0.14911366006256518 0.5334491746307558 0.6058394160583942 0.5951346655082537 0.6955161626694474 0.6038227628149435 0.6986444212721585 0.6012163336229366 0.6996871741397289 0.5847089487402258 0.694473409801877 0.58123370981755 0.6934306569343066 0.5742832319721981 0.6850886339937435 0.5690703735881841 0.6266944734098019 0.5664639443961772 0.6058394160583942 0.5603822762814943 0.2898852971845673 0.5212858384013901 0.14285714285714285 0.5082536924413553 0.12095933263816476 0.5030408340573415 0.10531803962460896 0.5047784535186793 0.10218978102189781 0.5099913119026933 0.11574556830031282 0.522154648132059
3 0.7299270072992701 0.6194613379669852 0.7320125130344108 0.6159860990443092 0.7267987486965589 0.6116420503909643 0.7059436913451512 0.6133796698523023 0.7299270072992701 0.6194613379669852
3 0.8394160583941606 0.6064291920069504 0.8404588112617309 0.6159860990443092 0.8446298227320125 0.6177237185056472 0.8477580813347237 0.6159860990443092 0.8488008342022941 0.5907906168549087 0.8477580813347237 0.5838401390095569 0.8425443169968717 0.5803649000868809 0.8394160583941606 0.58123370981755 0.8394160583941606 0.6064291920069504
3 0.09280500521376434 0.5325803649000869 0.11261730969760167 0.5351867940920938 0.12930135557872785 0.5438748913987836 0.12930135557872785 0.5907906168549087 0.13138686131386862 0.5977410947002606 0.13660062565172054 0.5986099044309295 0.1397288842544317 0.5916594265855777 0.1397288842544317 0.5360556038227627 0.1334723670490094 0.5317115551694178 0.11470281543274244 0.5299739357080799 0.10531803962460896 0.525629887054735 0.09176225234619395 0.527367506516073 0.0886339937434828 0.5291051259774109 0.09280500521376434 0.5325803649000869
3 0.662148070907195 0.68375325803649 0.6715328467153285 0.6872284969591659 0.6757038581856101 0.6594265855777585 0.6746611053180397 0.6211989574283232 0.6830031282586028 0.6125108601216334 0.6996871741397289 0.6133796698523023 0.7038581856100105 0.6090356211989574 0.6663190823774765 0.6020851433536055 0.662148070907195 0.6055603822762815 0.662148070907195 0.68375325803649
10 0 0.999131190269331 0.9989572471324296 0.999131190269331 0.9989572471324296 0 0 0 0 0.999131190269331
