0 0.15015641293013557 0.47002606429192006 0.1543274244004171 0.4761077324066029 0.16684045881126175 0.47871416159860986 0.1772679874869656 0.47871416159860986 0.18561001042752867 0.472632493483927 0.21689259645464026 0.46915725456125107 0.31178310740354537 0.4665508253692441 0.45255474452554745 0.473501303214596 0.6089676746611054 0.470894874022589 0.6266944734098019 0.48218940052128584 0.6652763295099061 0.47958297132927885 0.6704900938477582 0.47523892267593393 0.6798748696558916 0.42137271937445697 0.6903023983315955 0.4048653344917463 0.7111574556830031 0.3979148566463944 0.7424400417101147 0.3944396177237185 0.8102189781021898 0.3987836663770634 0.8123044838373306 0.39096437880104257 0.8102189781021898 0.37185056472632494 0.7841501564129302 0.35881841876629017 0.7372262773722628 0.35881841876629017 0.6725755995828989 0.3475238922675934 0.6631908237747653 0.34926151172893133 0.656934306569343 0.35968722849695917 0.6423357664233577 0.36750651607298 0.5630865484880083 0.36750651607298 0.5276329509906152 0.37098175499565594 0.49009384775808135 0.36837532580364896 0.3284671532846715 0.37445699391833187 0.30656934306569344 0.3770634231103388 0.2857142857142857 0.38488271068635965 0.28154327424400416 0.3735881841876629 0.2721584984358707 0.37011294526498695 0.1397288842544317 0.36750651607298 0.1251303441084463 0.3727193744569939 0.12304483837330553 0.3796698523023458 0.15015641293013557 0.47002606429192006
5 0.14285714285714285 0.5134665508253692 0.6246089676746611 0.5334491746307558 0.6642335766423357 0.5334491746307558 0.6694473409801878 0.49087749782797563 0.6663190823774765 0.48218940052128584 0.6308654848800834 0.48566463944396177 0.6193952033368092 0.48218940052128584 0.607924921793535 0.472632493483927 0.43899895724713245 0.47437011294526493 0.3284671532846715 0.4682884448305821 0.191866527632951 0.471763683753258 0.1710114702815433 0.48045178105994785 0.14702815432742442 0.47871416159860986 0.1386861313868613 0.48566463944396177 0.13764337851929093 0.5056472632493484 0.14285714285714285 0.5134665508253692
1 0.1386861313868613 0.5621198957428323 0.6777893639207508 0.5960034752389226 0.7288842544316997 0.5951346655082537 0.7361835245046924 0.5855777584708949 0.7257559958289885 0.5821025195482189 0.7090719499478624 0.5829713292788878 0.7059436913451512 0.5899218071242398 0.6934306569343066 0.5890529973935708 0.6850886339937435 0.577758470894874 0.680917622523462 0.578627280625543 0.6736183524504693 0.573414422241529 0.6694473409801878 0.5421372719374457 0.6517205422314911 0.5360556038227627 0.16892596454640252 0.5152041702867072 0.14494264859228365 0.5160729800173761 0.12721584984358708 0.522154648132059 0.1251303441084463 0.5586446568201564 0.1386861313868613 0.5621198957428323
2 0.6725755995828989 0.5516941789748044 0.6663190823774765 0.5725456125108601 0.667361835245047 0.5916594265855777 0.6725755995828989 0.5951346655082537 0.7340980187695516 0.5986099044309295 0.7737226277372263 0.5968722849695917 0.9124087591240876 0.5699391833188532 0.9165797705943691 0.5299739357080799 0.9176225234619395 0.4300608166811468 0.9144942648592284 0.41181581233709813 0.9103232533889468 0.4074717636837532 0.8279457768508863 0.40052128583840135 0.7570385818561002 0.40139009556907035 0.7424400417101147 0.3987836663770634 0.6986444212721585 0.4039965247610773 0.6882168925964547 0.4109470026064292 0.6840458811261731 0.419635099913119 0.6715328467153285 0.48479582971329277 0.6694473409801878 0.5377932232841007 0.6725755995828989 0.5516941789748044
4 0.09801876955161627 0.5621198957428323 0.09801876955161627 0.5742832319721981 0.10948905109489052 0.5629887054735012 0.12825860271115747 0.5586446568201564 0.14911366006256518 0.473501303214596 0.13034410844629823 0.4083405734144222 0.09697601668404589 0.4074717636837532 0.08133472367049009 0.41615986099044305 0.08342022940563087 0.5551694178974804 0.09801876955161627 0.5621198957428323
3 0.09906152241918666 0.6003475238922675 0.09906152241918666 0.576020851433536 0.10636079249217936 0.5655951346655083 0.11470281543274244 0.5638575152041703 0.09489051094890512 0.5621198957428323 0.09384775808133472 0.5960034752389226 0.09906152241918666 0.6003475238922675
3 0.899895724713243 0.6194613379669852 0.9030239833159541 0.6194613379669852 0.9040667361835245 0.577758470894874 0.8905109489051095 0.576889661164205 0.8988529718456726 0.5916594265855777 0.899895724713243 0.6194613379669852
3 0.4619395203336809 0.6116420503909643 0.46923879040667366 0.6116420503909643 0.4734098018769552 0.6029539530842745 0.4723670490093848 0.5847089487402258 0.45881126173096975 0.5838401390095569 0.45881126173096975 0.6072980017376194 0.4619395203336809 0.6116420503909643
3 0.7320125130344108 0.6055603822762815 0.7393117831074035 0.6116420503909643 0.7476538060479666 0.6533449174630755 0.7528675703858185 0.6516072980017376 0.7549530761209593 0.6151172893136403 0.759124087591241 0.6072980017376194 0.7695516162669448 0.6012163336229366 0.767466110531804 0.5977410947002606 0.7163712200208551 0.6012163336229366 0.7320125130344108 0.6055603822762815
10 0 0.999131190269331 0.9989572471324296 0.999131190269331 0.9989572471324296 0 0 0 0 0.999131190269331
